delta; alpha; epsilon; k; initSize; fitness; time; logSize; totalNoAsynchMoves; asynchMovesAbs; asynchMovesRel; distToOriginal
0.01; 0.9; 0.01; 0.8; 20; 0.7422135051511384; 22082; 294; -1; {}; {} ;0.024676360802274422
0.01; 0.9; 0.01; 0.8; 20; 0.725068980911216; 19317; 292; -1; {}; {} ;0.007531836562352012
0.01; 0.9; 0.01; 0.8; 20; 0.7324206521882746; 14099; 302; -1; {}; {} ;0.014883507839410615
0.01; 0.9; 0.01; 0.8; 20; 0.7010087668235713; 18125; 293; -1; {}; {} ;0.01652837752529268
0.01; 0.9; 0.01; 0.8; 20; 0.7149534239847553; 17179; 294; -1; {}; {} ;0.002583720364108699
0.01; 0.9; 0.01; 0.8; 20; 0.7291768471151128; 29998; 292; -1; {}; {} ;0.011639702766248816
0.01; 0.9; 0.01; 0.8; 20; 0.699436363164209; 45559; 292; -1; {}; {} ;0.018100781184654968
0.01; 0.9; 0.01; 0.8; 20; 0.7201813462727359; 26570; 292; -1; {}; {} ;0.002644201923871936
0.01; 0.9; 0.01; 0.8; 20; 0.7130494944526308; 22845; 295; -1; {}; {} ;0.004487649896233181
0.01; 0.9; 0.01; 0.8; 20; 0.6982134398188549; 20738; 295; -1; {}; {} ;0.01932370453000909
0.01; 0.9; 0.05; 0.8; 20; 0.7338764585640858; 19503; 272; -1; {}; {} ;0.016339314215221834
0.01; 0.9; 0.05; 0.8; 20; 0.7219632390084163; 23086; 272; -1; {}; {} ;0.004426094659552349
0.01; 0.9; 0.05; 0.8; 20; 0.7265879052759269; 25288; 270; -1; {}; {} ;0.009050760927062917
0.01; 0.9; 0.05; 0.8; 20; 0.7244514635564858; 13704; 274; -1; {}; {} ;0.006914319207621866
0.01; 0.9; 0.05; 0.8; 20; 0.7108263654994275; 13253; 273; -1; {}; {} ;0.006710778849436494
0.01; 0.9; 0.05; 0.8; 20; 0.7040081160979372; 25175; 273; -1; {}; {} ;0.013529028250926722
0.01; 0.9; 0.05; 0.8; 20; 0.7052971566743567; 33182; 271; -1; {}; {} ;0.012239987674507291
0.01; 0.9; 0.05; 0.8; 20; 0.7185633308525315; 25231; 275; -1; {}; {} ;0.0010261865036675921
0.01; 0.9; 0.05; 0.8; 20; 0.7215371509398092; 20811; 272; -1; {}; {} ;0.004000006590945238
0.01; 0.9; 0.05; 0.8; 20; 0.7130178209313051; 24616; 271; -1; {}; {} ;0.004519323417558896
0.01; 0.9; 0.1; 0.8; 20; 0.7077478585744595; 18171; 269; -1; {}; {} ;0.00978928577440441
0.01; 0.9; 0.1; 0.8; 20; 0.7129828031448527; 31219; 272; -1; {}; {} ;0.004554341204011214
0.01; 0.9; 0.1; 0.8; 20; 0.7156953235669251; 17817; 270; -1; {}; {} ;0.001841820781938841
0.01; 0.9; 0.1; 0.8; 20; 0.711746441785417; 14396; 271; -1; {}; {} ;0.005790702563446937
0.01; 0.9; 0.1; 0.8; 20; 0.7278265784580291; 27774; 270; -1; {}; {} ;0.010289434109165163
0.01; 0.9; 0.1; 0.8; 20; 0.7351050146670361; 16497; 270; -1; {}; {} ;0.017567870318172196
0.01; 0.9; 0.1; 0.8; 20; 0.7321602577821085; 18123; 269; -1; {}; {} ;0.014623113433244517
0.01; 0.9; 0.1; 0.8; 20; 0.7068943714389894; 19199; 271; -1; {}; {} ;0.010642772909874587
0.01; 0.9; 0.1; 0.8; 20; 0.7417912591684878; 20430; 269; -1; {}; {} ;0.024254114819623807
0.01; 0.9; 0.1; 0.8; 20; 0.7160359989629586; 32457; 271; -1; {}; {} ;0.0015011453859054003
0.01; 0.95; 0.01; 0.8; 20; 0.7211118430487412; 18020; 409; -1; {}; {} ;0.0035746986998772545
0.01; 0.95; 0.01; 0.8; 20; 0.7328137867285905; 30731; 408; -1; {}; {} ;0.01527664237972659
0.01; 0.95; 0.01; 0.8; 20; 0.7061534866500612; 34907; 416; -1; {}; {} ;0.011383657698802785
0.01; 0.95; 0.01; 0.8; 20; 0.6927148642952904; 23553; 408; -1; {}; {} ;0.024822280053573564
0.01; 0.95; 0.01; 0.8; 20; 0.7131065233112042; 20741; 411; -1; {}; {} ;0.004430621037659788
0.01; 0.95; 0.01; 0.8; 20; 0.7164907706263289; 22102; 406; -1; {}; {} ;0.0010463737225350211
0.01; 0.95; 0.01; 0.8; 20; 0.716097230902463; 31871; 409; -1; {}; {} ;0.001439913446400931
0.01; 0.95; 0.01; 0.8; 20; 0.7070975139446092; 25320; 406; -1; {}; {} ;0.010439630404254774
0.01; 0.95; 0.01; 0.8; 20; 0.7217833733956587; 19135; 409; -1; {}; {} ;0.004246229046794725
0.01; 0.95; 0.01; 0.8; 20; 0.7296129288153873; 24552; 414; -1; {}; {} ;0.012075784466523354
0.01; 0.95; 0.05; 0.8; 20; 0.7154839408881187; 33223; 389; -1; {}; {} ;0.002053203460745223
0.01; 0.95; 0.05; 0.8; 20; 0.7235052160168683; 24836; 385; -1; {}; {} ;0.005968071668004393
0.01; 0.95; 0.05; 0.8; 20; 0.7262658227175659; 21971; 386; -1; {}; {} ;0.008728678368701948
0.01; 0.95; 0.05; 0.8; 20; 0.734427193337778; 25379; 384; -1; {}; {} ;0.016890048988913997
0.01; 0.95; 0.05; 0.8; 20; 0.7183061286375385; 24441; 385; -1; {}; {} ;7.689842886745568E-4
0.01; 0.95; 0.05; 0.8; 20; 0.7233403355757198; 28333; 386; -1; {}; {} ;0.005803191226855797
0.01; 0.95; 0.05; 0.8; 20; 0.7191572869920906; 33880; 386; -1; {}; {} ;0.0016201426432266297
0.01; 0.95; 0.05; 0.8; 20; 0.7038632086228976; 30601; 385; -1; {}; {} ;0.013673935725966313
0.01; 0.95; 0.05; 0.8; 20; 0.7099642819262107; 24716; 384; -1; {}; {} ;0.007572862422653204
0.01; 0.95; 0.05; 0.8; 20; 0.7169190392601541; 41373; 386; -1; {}; {} ;6.181050887098527E-4
0.01; 0.95; 0.1; 0.8; 20; 0.7143094378606301; 27979; 384; -1; {}; {} ;0.0032277064882338946
0.01; 0.95; 0.1; 0.8; 20; 0.7317902752772105; 16211; 383; -1; {}; {} ;0.014253130928346569
0.01; 0.95; 0.1; 0.8; 20; 0.7155758262118074; 45621; 383; -1; {}; {} ;0.001961318137056578
0.01; 0.95; 0.1; 0.8; 20; 0.7126776377962853; 22472; 382; -1; {}; {} ;0.004859506552578607
0.01; 0.95; 0.1; 0.8; 20; 0.7344867346037122; 20241; 384; -1; {}; {} ;0.016949590254848212
0.01; 0.95; 0.1; 0.8; 20; 0.7230748434433855; 16465; 383; -1; {}; {} ;0.005537699094521509
0.01; 0.95; 0.1; 0.8; 20; 0.6957964391897963; 26461; 383; -1; {}; {} ;0.021740705159067675
0.01; 0.95; 0.1; 0.8; 20; 0.73455788589535; 13671; 384; -1; {}; {} ;0.01702074154648603
0.01; 0.95; 0.1; 0.8; 20; 0.7212547521294737; 21063; 382; -1; {}; {} ;0.0037176077806096997
0.01; 0.95; 0.1; 0.8; 20; 0.7331478484993603; 20170; 382; -1; {}; {} ;0.015610704150496368
0.01; 0.99; 0.01; 0.8; 20; 0.7230304251710212; 51112; 683; -1; {}; {} ;0.005493280822157276
0.01; 0.99; 0.01; 0.8; 20; 0.7201414078361353; 34539; 687; -1; {}; {} ;0.0026042634872713855
0.01; 0.99; 0.01; 0.8; 20; 0.7165214665295975; 45046; 689; -1; {}; {} ;0.0010156778192664806
0.01; 0.99; 0.01; 0.8; 20; 0.7157645972862969; 49250; 684; -1; {}; {} ;0.0017725470625670203
0.01; 0.99; 0.01; 0.8; 20; 0.7191721543145949; 44612; 686; -1; {}; {} ;0.0016350099657309602
0.01; 0.99; 0.01; 0.8; 20; 0.7158741828119546; 44912; 686; -1; {}; {} ;0.0016629615369093687
0.01; 0.99; 0.01; 0.8; 20; 0.7060017138183874; 48705; 687; -1; {}; {} ;0.011535430530476565
0.01; 0.99; 0.01; 0.8; 20; 0.699419472952075; 43541; 688; -1; {}; {} ;0.018117671396788992
0.01; 0.99; 0.01; 0.8; 20; 0.7370250225626166; 59127; 693; -1; {}; {} ;0.01948787821375264
0.01; 0.99; 0.01; 0.8; 20; 0.725089539430039; 38605; 689; -1; {}; {} ;0.007552395081175001
0.01; 0.99; 0.05; 0.8; 20; 0.7189798358896313; 42555; 660; -1; {}; {} ;0.0014426915407673713
0.01; 0.99; 0.05; 0.8; 20; 0.7254476918488374; 41967; 663; -1; {}; {} ;0.007910547499973442
0.01; 0.99; 0.05; 0.8; 20; 0.7233814254252213; 42177; 664; -1; {}; {} ;0.005844281076357372
0.01; 0.99; 0.05; 0.8; 20; 0.715011506688844; 47620; 661; -1; {}; {} ;0.002525637660020008
0.01; 0.99; 0.05; 0.8; 20; 0.7084751587676431; 49831; 664; -1; {}; {} ;0.009061985581220844
0.01; 0.99; 0.05; 0.8; 20; 0.7186351419936493; 44032; 664; -1; {}; {} ;0.0010979976447853534
0.01; 0.99; 0.05; 0.8; 20; 0.7194195063985729; 35561; 661; -1; {}; {} ;0.00188236204970893
0.01; 0.99; 0.05; 0.8; 20; 0.7170874283615322; 38300; 663; -1; {}; {} ;4.497159873317891E-4
0.01; 0.99; 0.05; 0.8; 20; 0.7223620791114838; 41233; 663; -1; {}; {} ;0.004824934762619804
0.01; 0.99; 0.05; 0.8; 20; 0.7310717991079774; 28416; 660; -1; {}; {} ;0.013534654759113418
0.01; 0.99; 0.1; 0.8; 20; 0.7215060805962203; 39349; 661; -1; {}; {} ;0.003968936247356392
0.01; 0.99; 0.1; 0.8; 20; 0.7276971342307135; 36413; 659; -1; {}; {} ;0.010159989881849518
0.01; 0.99; 0.1; 0.8; 20; 0.7076365513436097; 66708; 659; -1; {}; {} ;0.009900593005254255
0.01; 0.99; 0.1; 0.8; 20; 0.7261421044799609; 50099; 660; -1; {}; {} ;0.008604960131096906
0.01; 0.99; 0.1; 0.8; 20; 0.715013660865741; 41862; 658; -1; {}; {} ;0.0025234834831229236
0.01; 0.99; 0.1; 0.8; 20; 0.7154259182625663; 52381; 659; -1; {}; {} ;0.0021112260862976573
0.01; 0.99; 0.1; 0.8; 20; 0.7035741035460645; 58429; 658; -1; {}; {} ;0.01396304080279942
0.01; 0.99; 0.1; 0.8; 20; 0.7227822925912986; 45713; 658; -1; {}; {} ;0.005245148242434605
0.01; 0.99; 0.1; 0.8; 20; 0.7141800608349416; 41358; 660; -1; {}; {} ;0.0033570835139223876
0.01; 0.99; 0.1; 0.8; 20; 0.7128606636794603; 57127; 661; -1; {}; {} ;0.0046764806694036265
0.05; 0.9; 0.01; 0.8; 20; 0.7331018934698722; 6104; 83; -1; {}; {} ;0.015564749121008248
0.05; 0.9; 0.01; 0.8; 20; 0.7613060384734952; 8403; 86; -1; {}; {} ;0.04376889412463125
0.05; 0.9; 0.01; 0.8; 20; 0.7200995182192442; 7872; 76; -1; {}; {} ;0.0025623738703802745
0.05; 0.9; 0.01; 0.8; 20; 0.7223955203999448; 7562; 80; -1; {}; {} ;0.004858376051080859
0.05; 0.9; 0.01; 0.8; 20; 0.6953373710973847; 9531; 73; -1; {}; {} ;0.02219977325147926
0.05; 0.9; 0.01; 0.8; 20; 0.7354173020771424; 3630; 79; -1; {}; {} ;0.017880157728278445
0.05; 0.9; 0.01; 0.8; 20; 0.7471991791928183; 3070; 74; -1; {}; {} ;0.029662034843954355
0.05; 0.9; 0.01; 0.8; 20; 0.7083968710215595; 6094; 81; -1; {}; {} ;0.009140273327304493
0.05; 0.9; 0.01; 0.8; 20; 0.7391044787766006; 6627; 84; -1; {}; {} ;0.021567334427736617
0.05; 0.9; 0.01; 0.8; 20; 0.6863980996971948; 19515; 81; -1; {}; {} ;0.031139044651669168
0.05; 0.9; 0.05; 0.8; 20; 0.7431486005547305; 1787; 58; -1; {}; {} ;0.02561145620586658
0.05; 0.9; 0.05; 0.8; 20; 0.724418662093172; 4087; 54; -1; {}; {} ;0.006881517744308008
0.05; 0.9; 0.05; 0.8; 20; 0.7252830954295996; 2783; 57; -1; {}; {} ;0.0077459510807356136
0.05; 0.9; 0.05; 0.8; 20; 0.7402930996646597; 1551; 59; -1; {}; {} ;0.022755955315795773
0.05; 0.9; 0.05; 0.8; 20; 0.692243998469307; 3762; 59; -1; {}; {} ;0.025293145879557
0.05; 0.9; 0.05; 0.8; 20; 0.7220693136627673; 1528; 56; -1; {}; {} ;0.0045321693139033226
0.05; 0.9; 0.05; 0.8; 20; 0.7021875360186253; 9101; 54; -1; {}; {} ;0.015349608330238684
0.05; 0.9; 0.05; 0.8; 20; 0.7028316190616082; 3355; 57; -1; {}; {} ;0.014705525287255772
0.05; 0.9; 0.05; 0.8; 20; 0.7287185141153628; 5556; 56; -1; {}; {} ;0.011181369766498861
0.05; 0.9; 0.05; 0.8; 20; 0.7193461017468968; 2992; 54; -1; {}; {} ;0.0018089573980328844
0.05; 0.9; 0.1; 0.8; 20; 0.7202894089029985; 1918; 55; -1; {}; {} ;0.002752264554134576
0.05; 0.9; 0.1; 0.8; 20; 0.7029854400458371; 3857; 54; -1; {}; {} ;0.01455170430302688
0.05; 0.9; 0.1; 0.8; 20; 0.7162885718713625; 3041; 54; -1; {}; {} ;0.0012485724775014306
0.05; 0.9; 0.1; 0.8; 20; 0.6904115679709576; 3537; 53; -1; {}; {} ;0.027125576377906357
0.05; 0.9; 0.1; 0.8; 20; 0.7102864510242887; 4217; 53; -1; {}; {} ;0.007250693324575286
0.05; 0.9; 0.1; 0.8; 20; 0.7070376143067933; 6833; 53; -1; {}; {} ;0.010499530042070604
0.05; 0.9; 0.1; 0.8; 20; 0.7136147712422631; 2674; 54; -1; {}; {} ;0.003922373106600818
0.05; 0.9; 0.1; 0.8; 20; 0.7098137604211133; 3044; 55; -1; {}; {} ;0.007723383927750627
0.05; 0.9; 0.1; 0.8; 20; 0.732037333732189; 1990; 54; -1; {}; {} ;0.01450018938332509
0.05; 0.9; 0.1; 0.8; 20; 0.732038905180202; 2357; 55; -1; {}; {} ;0.014501760831338029
0.05; 0.95; 0.01; 0.8; 20; 0.7024426710107281; 7061; 101; -1; {}; {} ;0.01509447333813585
0.05; 0.95; 0.01; 0.8; 20; 0.6913576797777584; 8127; 103; -1; {}; {} ;0.026179464571105537
0.05; 0.95; 0.01; 0.8; 20; 0.6906399821118222; 4186; 97; -1; {}; {} ;0.02689716223704175
0.05; 0.95; 0.01; 0.8; 20; 0.7151936972137293; 14806; 98; -1; {}; {} ;0.0023434471351346797
0.05; 0.95; 0.01; 0.8; 20; 0.7493674636446418; 4577; 94; -1; {}; {} ;0.03183031929577784
0.05; 0.95; 0.01; 0.8; 20; 0.7135496100064719; 7090; 101; -1; {}; {} ;0.003987534342392074
0.05; 0.95; 0.01; 0.8; 20; 0.6955391925587525; 8216; 104; -1; {}; {} ;0.021997951790111436
0.05; 0.95; 0.01; 0.8; 20; 0.7187613875590609; 3800; 100; -1; {}; {} ;0.0012242432101969847
0.05; 0.95; 0.01; 0.8; 20; 0.7262474216714213; 6432; 99; -1; {}; {} ;0.008710277322557358
0.05; 0.95; 0.01; 0.8; 20; 0.7103661510352479; 27105; 100; -1; {}; {} ;0.007170993313616036
0.05; 0.95; 0.05; 0.8; 20; 0.7534137616758734; 4770; 78; -1; {}; {} ;0.03587661732700942
0.05; 0.95; 0.05; 0.8; 20; 0.6963141643494503; 6508; 75; -1; {}; {} ;0.021222979999413694
0.05; 0.95; 0.05; 0.8; 20; 0.7191659539610401; 7615; 75; -1; {}; {} ;0.001628809612176152
0.05; 0.95; 0.05; 0.8; 20; 0.7083406685665004; 5319; 80; -1; {}; {} ;0.0091964757823636
0.05; 0.95; 0.05; 0.8; 20; 0.7153142326651604; 6900; 76; -1; {}; {} ;0.002222911683703588
0.05; 0.95; 0.05; 0.8; 20; 0.6955964050492731; 11054; 79; -1; {}; {} ;0.02194073929959084
0.05; 0.95; 0.05; 0.8; 20; 0.7335740590955446; 4005; 79; -1; {}; {} ;0.016036914746680675
0.05; 0.95; 0.05; 0.8; 20; 0.6682981877603174; 2460; 80; -1; {}; {} ;0.0492389565885466
0.05; 0.95; 0.05; 0.8; 20; 0.7282534884514476; 14053; 76; -1; {}; {} ;0.010716344102583597
0.05; 0.95; 0.05; 0.8; 20; 0.6947620085532347; 3521; 77; -1; {}; {} ;0.022775135795629287
0.05; 0.95; 0.1; 0.8; 20; 0.7203876965285322; 3920; 74; -1; {}; {} ;0.002850552179668231
0.05; 0.95; 0.1; 0.8; 20; 0.6982070017674553; 12889; 75; -1; {}; {} ;0.019330142581408638
0.05; 0.95; 0.1; 0.8; 20; 0.7595483779415856; 8155; 75; -1; {}; {} ;0.04201123359272163
0.05; 0.95; 0.1; 0.8; 20; 0.7080794728152426; 2828; 75; -1; {}; {} ;0.009457671533621315
0.05; 0.95; 0.1; 0.8; 20; 0.7163478668953498; 3432; 75; -1; {}; {} ;0.0011892774535141593
0.05; 0.95; 0.1; 0.8; 20; 0.7196334022161732; 4269; 75; -1; {}; {} ;0.0020962578673092702
0.05; 0.95; 0.1; 0.8; 20; 0.7255050854744983; 8224; 75; -1; {}; {} ;0.00796794112563437
0.05; 0.95; 0.1; 0.8; 20; 0.7087950924963259; 4620; 75; -1; {}; {} ;0.008742051852538069
0.05; 0.95; 0.1; 0.8; 20; 0.6960315573625603; 5685; 75; -1; {}; {} ;0.02150558698630367
0.05; 0.95; 0.1; 0.8; 20; 0.7519497696758625; 2807; 75; -1; {}; {} ;0.034412625326998514
0.05; 0.99; 0.01; 0.8; 20; 0.7199562930160596; 7864; 152; -1; {}; {} ;0.002419148667195614
0.05; 0.99; 0.01; 0.8; 20; 0.7498811277560142; 9852; 153; -1; {}; {} ;0.03234398340715028
0.05; 0.99; 0.01; 0.8; 20; 0.7002485766760689; 9777; 153; -1; {}; {} ;0.017288567672795074
0.05; 0.99; 0.01; 0.8; 20; 0.7223179421094664; 7314; 152; -1; {}; {} ;0.004780797760602473
0.05; 0.99; 0.01; 0.8; 20; 0.7193567362710951; 13839; 157; -1; {}; {} ;0.001819591922231134
0.05; 0.99; 0.01; 0.8; 20; 0.7248504014251659; 30576; 155; -1; {}; {} ;0.007313257076301927
0.05; 0.99; 0.01; 0.8; 20; 0.7148205724786141; 9975; 161; -1; {}; {} ;0.002716571870249873
0.05; 0.99; 0.01; 0.8; 20; 0.7264426188039027; 6814; 160; -1; {}; {} ;0.008905474455038753
0.05; 0.99; 0.01; 0.8; 20; 0.6944041672147071; 16415; 142; -1; {}; {} ;0.02313297713415685
0.05; 0.99; 0.01; 0.8; 20; 0.7268700997134042; 8556; 154; -1; {}; {} ;0.009332955364540263
0.05; 0.99; 0.05; 0.8; 20; 0.7097930284949316; 7763; 131; -1; {}; {} ;0.00774411585393231
0.05; 0.99; 0.05; 0.8; 20; 0.7064289868649293; 9544; 131; -1; {}; {} ;0.011108157483934678
0.05; 0.99; 0.05; 0.8; 20; 0.6977560441966526; 7683; 133; -1; {}; {} ;0.01978110015221135
0.05; 0.99; 0.05; 0.8; 20; 0.7086036802944163; 5335; 132; -1; {}; {} ;0.008933464054447615
0.05; 0.99; 0.05; 0.8; 20; 0.70804706715378; 7826; 134; -1; {}; {} ;0.00949007719508399
0.05; 0.99; 0.05; 0.8; 20; 0.7203907451503117; 5798; 135; -1; {}; {} ;0.0028536008014476977
0.05; 0.99; 0.05; 0.8; 20; 0.6985722356379035; 16803; 131; -1; {}; {} ;0.01896490871096046
0.05; 0.99; 0.05; 0.8; 20; 0.7458447470811447; 6281; 131; -1; {}; {} ;0.028307602732280723
0.05; 0.99; 0.05; 0.8; 20; 0.7407408898013466; 6731; 131; -1; {}; {} ;0.023203745452482605
0.05; 0.99; 0.05; 0.8; 20; 0.7119210823202977; 8876; 133; -1; {}; {} ;0.005616062028566238
0.05; 0.99; 0.1; 0.8; 20; 0.7189113504118261; 4981; 128; -1; {}; {} ;0.0013742060629621244
0.05; 0.99; 0.1; 0.8; 20; 0.7026332133409781; 7978; 130; -1; {}; {} ;0.014903931007885896
0.05; 0.99; 0.1; 0.8; 20; 0.7247328629679736; 7924; 129; -1; {}; {} ;0.0071957186191096145
0.05; 0.99; 0.1; 0.8; 20; 0.7246394694168722; 9272; 128; -1; {}; {} ;0.007102325068008231
0.05; 0.99; 0.1; 0.8; 20; 0.7247600284305147; 9807; 129; -1; {}; {} ;0.007222884081650727
0.05; 0.99; 0.1; 0.8; 20; 0.7413201931996752; 8208; 130; -1; {}; {} ;0.023783048850811284
0.05; 0.99; 0.1; 0.8; 20; 0.6962846849414587; 22990; 128; -1; {}; {} ;0.021252459407405278
0.05; 0.99; 0.1; 0.8; 20; 0.7272403199712963; 7698; 131; -1; {}; {} ;0.009703175622432392
0.05; 0.99; 0.1; 0.8; 20; 0.7144112274320129; 5446; 129; -1; {}; {} ;0.003125916916851046
0.05; 0.99; 0.1; 0.8; 20; 0.6996340402902737; 8024; 128; -1; {}; {} ;0.017903104058590302
0.1; 0.9; 0.01; 0.8; 20; 0.7180990175395059; 2156; 48; -1; {}; {} ;5.618731906419372E-4
0.1; 0.9; 0.01; 0.8; 20; 0.7425956512807262; 2319; 45; -1; {}; {} ;0.02505850693186229
0.1; 0.9; 0.01; 0.8; 20; 0.7210977612600493; 6847; 52; -1; {}; {} ;0.003560616911185366
0.1; 0.9; 0.01; 0.8; 20; 0.6831725023331667; 2707; 58; -1; {}; {} ;0.03436464201569722
0.1; 0.9; 0.01; 0.8; 20; 0.6933367168994378; 4278; 53; -1; {}; {} ;0.024200427449426187
0.1; 0.9; 0.01; 0.8; 20; 0.753117867318813; 2246; 52; -1; {}; {} ;0.035580722969949075
0.1; 0.9; 0.01; 0.8; 20; 0.708296453934034; 4014; 56; -1; {}; {} ;0.00924069041483
0.1; 0.9; 0.01; 0.8; 20; 0.7343545061710135; 1866; 50; -1; {}; {} ;0.016817361822149546
0.1; 0.9; 0.01; 0.8; 20; 0.7076639821627264; 1875; 53; -1; {}; {} ;0.00987316218613754
0.1; 0.9; 0.01; 0.8; 20; 0.7462997339164105; 4786; 53; -1; {}; {} ;0.028762589567546515
0.1; 0.9; 0.05; 0.8; 20; 0.6423000136734175; 2174; 33; -1; {}; {} ;0.07523713067544646
0.1; 0.9; 0.05; 0.8; 20; 0.6787223055466475; 1237; 28; -1; {}; {} ;0.03881483880221648
0.1; 0.9; 0.05; 0.8; 20; 0.703454945707315; 1149; 29; -1; {}; {} ;0.014082198641548915
0.1; 0.9; 0.05; 0.8; 20; 0.701941137733887; 1948; 29; -1; {}; {} ;0.015596006614976954
0.1; 0.9; 0.05; 0.8; 20; 0.7477378009257558; 1795; 33; -1; {}; {} ;0.03020065657689186
0.1; 0.9; 0.05; 0.8; 20; 0.6654594530219794; 3358; 27; -1; {}; {} ;0.052077691326884556
0.1; 0.9; 0.05; 0.8; 20; 0.7217155603003922; 827; 28; -1; {}; {} ;0.004178415951528236
0.1; 0.9; 0.05; 0.8; 20; 0.7279090648493011; 507; 29; -1; {}; {} ;0.010371920500437115
0.1; 0.9; 0.05; 0.8; 20; 0.7061930780829433; 3604; 30; -1; {}; {} ;0.01134406626592066
0.1; 0.9; 0.05; 0.8; 20; 0.7109964804484651; 1568; 30; -1; {}; {} ;0.006540663900398869
0.1; 0.9; 0.1; 0.8; 20; 0.7150848223226945; 1786; 27; -1; {}; {} ;0.0024523220261694068
0.1; 0.9; 0.1; 0.8; 20; 0.7500786162549758; 16070; 28; -1; {}; {} ;0.032541471906111896
0.1; 0.9; 0.1; 0.8; 20; 0.734238642335633; 1605; 28; -1; {}; {} ;0.01670149798676901
0.1; 0.9; 0.1; 0.8; 20; 0.7444877628873866; 1655; 27; -1; {}; {} ;0.026950618538522653
0.1; 0.9; 0.1; 0.8; 20; 0.7479356573030245; 1665; 27; -1; {}; {} ;0.030398512954160517
0.1; 0.9; 0.1; 0.8; 20; 0.7047222415053953; 948; 27; -1; {}; {} ;0.012814902843468645
0.1; 0.9; 0.1; 0.8; 20; 0.7132552163136666; 4189; 27; -1; {}; {} ;0.0042819280351973354
0.1; 0.9; 0.1; 0.8; 20; 0.687391440251252; 1185; 26; -1; {}; {} ;0.03014570409761197
0.1; 0.9; 0.1; 0.8; 20; 0.6779917792942003; 2322; 27; -1; {}; {} ;0.03954536505466366
0.1; 0.9; 0.1; 0.8; 20; 0.7100530286185007; 1440; 28; -1; {}; {} ;0.007484115730363228
0.1; 0.95; 0.01; 0.8; 20; 0.7155760046949842; 5234; 63; -1; {}; {} ;0.0019611396538797843
0.1; 0.95; 0.01; 0.8; 20; 0.748138895969147; 2206; 63; -1; {}; {} ;0.030601751620283002
0.1; 0.95; 0.01; 0.8; 20; 0.7413915933581507; 9206; 58; -1; {}; {} ;0.023854449009286793
0.1; 0.95; 0.01; 0.8; 20; 0.7311894082847187; 4181; 62; -1; {}; {} ;0.013652263935854725
0.1; 0.95; 0.01; 0.8; 20; 0.6916214928972549; 6234; 65; -1; {}; {} ;0.025915651451609012
0.1; 0.95; 0.01; 0.8; 20; 0.7126613223172529; 5408; 57; -1; {}; {} ;0.004875822031611077
0.1; 0.95; 0.01; 0.8; 20; 0.7489026077882935; 3083; 62; -1; {}; {} ;0.031365463439429586
0.1; 0.95; 0.01; 0.8; 20; 0.7011072527194162; 2111; 60; -1; {}; {} ;0.016429891629447746
0.1; 0.95; 0.01; 0.8; 20; 0.7601310978213294; 1445; 56; -1; {}; {} ;0.04259395347246542
0.1; 0.95; 0.01; 0.8; 20; 0.7053358763566779; 2586; 66; -1; {}; {} ;0.012201267992186016
0.1; 0.95; 0.05; 0.8; 20; 0.6940420372124385; 2566; 38; -1; {}; {} ;0.02349510713642544
0.1; 0.95; 0.05; 0.8; 20; 0.6910508279792658; 1183; 36; -1; {}; {} ;0.026486316369598195
0.1; 0.95; 0.05; 0.8; 20; 0.6962649824696396; 3614; 37; -1; {}; {} ;0.021272161879224316
0.1; 0.95; 0.05; 0.8; 20; 0.7285244131894155; 3029; 39; -1; {}; {} ;0.010987268840551567
0.1; 0.95; 0.05; 0.8; 20; 0.6669716455704553; 2641; 38; -1; {}; {} ;0.05056549877840866
0.1; 0.95; 0.05; 0.8; 20; 0.676861376818591; 1159; 39; -1; {}; {} ;0.04067576753027291
0.1; 0.95; 0.05; 0.8; 20; 0.6501744607478956; 7413; 41; -1; {}; {} ;0.06736268360096831
0.1; 0.95; 0.05; 0.8; 20; 0.7529515253859217; 1280; 39; -1; {}; {} ;0.03541438103705774
0.1; 0.95; 0.05; 0.8; 20; 0.6989076578229053; 1571; 41; -1; {}; {} ;0.01862948652595864
0.1; 0.95; 0.05; 0.8; 20; 0.723638782606742; 2539; 39; -1; {}; {} ;0.006101638257878017
0.1; 0.95; 0.1; 0.8; 20; 0.6819288441048559; 2990; 36; -1; {}; {} ;0.03560830024400807
0.1; 0.95; 0.1; 0.8; 20; 0.7581012503685579; 1085; 38; -1; {}; {} ;0.04056410601969396
0.1; 0.95; 0.1; 0.8; 20; 0.7322616094359622; 2528; 37; -1; {}; {} ;0.014724465087098237
0.1; 0.95; 0.1; 0.8; 20; 0.6947799521914784; 2664; 36; -1; {}; {} ;0.022757192157385586
0.1; 0.95; 0.1; 0.8; 20; 0.7614048019615258; 2086; 37; -1; {}; {} ;0.04386765761266187
0.1; 0.95; 0.1; 0.8; 20; 0.7370646567699396; 2210; 36; -1; {}; {} ;0.019527512421075643
0.1; 0.95; 0.1; 0.8; 20; 0.7177868738922988; 14851; 36; -1; {}; {} ;2.49729543434829E-4
0.1; 0.95; 0.1; 0.8; 20; 0.7141638475983615; 5076; 36; -1; {}; {} ;0.0033732967505024636
0.1; 0.95; 0.1; 0.8; 20; 0.7193599551018314; 1381; 37; -1; {}; {} ;0.0018228107529674187
0.1; 0.95; 0.1; 0.8; 20; 0.7516573245402343; 2611; 38; -1; {}; {} ;0.03412018019137031
0.1; 0.99; 0.01; 0.8; 20; 0.7385012759061189; 4627; 84; -1; {}; {} ;0.02096413155725496
0.1; 0.99; 0.01; 0.8; 20; 0.6967303540572252; 9139; 92; -1; {}; {} ;0.020806790291638788
0.1; 0.99; 0.01; 0.8; 20; 0.7097537096733809; 3474; 87; -1; {}; {} ;0.007783434675483036
0.1; 0.99; 0.01; 0.8; 20; 0.7288170182666085; 5524; 87; -1; {}; {} ;0.011279873917744543
0.1; 0.99; 0.01; 0.8; 20; 0.7132522800171976; 3008; 89; -1; {}; {} ;0.004284864331666305
0.1; 0.99; 0.01; 0.8; 20; 0.6982392082147693; 5228; 84; -1; {}; {} ;0.019297936134094695
0.1; 0.99; 0.01; 0.8; 20; 0.7066454398287935; 3154; 87; -1; {}; {} ;0.010891704520070489
0.1; 0.99; 0.01; 0.8; 20; 0.7139168378136841; 7350; 88; -1; {}; {} ;0.0036203065351798625
0.1; 0.99; 0.01; 0.8; 20; 0.7294712027320392; 4658; 88; -1; {}; {} ;0.011934058383175294
0.1; 0.99; 0.01; 0.8; 20; 0.7717051901349128; 4660; 84; -1; {}; {} ;0.054168045786048835
0.1; 0.99; 0.05; 0.8; 20; 0.7199571316678897; 2171; 66; -1; {}; {} ;0.002419987319025707
0.1; 0.99; 0.05; 0.8; 20; 0.6799400175957168; 6079; 66; -1; {}; {} ;0.03759712675314719
0.1; 0.99; 0.05; 0.8; 20; 0.6654758169459323; 6398; 64; -1; {}; {} ;0.05206132740293168
0.1; 0.99; 0.05; 0.8; 20; 0.762358568916415; 2476; 64; -1; {}; {} ;0.044821424567551005
0.1; 0.99; 0.05; 0.8; 20; 0.6972788691469858; 3537; 64; -1; {}; {} ;0.020258275201878173
0.1; 0.99; 0.05; 0.8; 20; 0.7408347521080915; 2849; 64; -1; {}; {} ;0.023297607759227512
0.1; 0.99; 0.05; 0.8; 20; 0.6881413342589809; 3606; 62; -1; {}; {} ;0.029395810089883012
0.1; 0.99; 0.05; 0.8; 20; 0.7398659711521678; 15009; 68; -1; {}; {} ;0.022328826803303836
0.1; 0.99; 0.05; 0.8; 20; 0.7677911212536651; 3310; 64; -1; {}; {} ;0.050253976904801156
0.1; 0.99; 0.05; 0.8; 20; 0.715167860212678; 3875; 66; -1; {}; {} ;0.0023692841361859784
0.1; 0.99; 0.1; 0.8; 20; 0.7472412000240468; 2716; 61; -1; {}; {} ;0.02970405567518286
0.1; 0.99; 0.1; 0.8; 20; 0.7301882323370367; 5023; 62; -1; {}; {} ;0.012651087988172716
0.1; 0.99; 0.1; 0.8; 20; 0.7108555929305583; 4934; 64; -1; {}; {} ;0.00668155141830562
0.1; 0.99; 0.1; 0.8; 20; 0.7236633691369002; 3320; 62; -1; {}; {} ;0.006126224788036261
0.1; 0.99; 0.1; 0.8; 20; 0.7324512577445815; 3543; 62; -1; {}; {} ;0.014914113395717576
0.1; 0.99; 0.1; 0.8; 20; 0.6923638355091178; 2934; 62; -1; {}; {} ;0.02517330883974611
0.1; 0.99; 0.1; 0.8; 20; 0.7477845120040928; 3993; 61; -1; {}; {} ;0.03024736765522884
0.1; 0.99; 0.1; 0.8; 20; 0.7777247431185431; 3471; 62; -1; {}; {} ;0.06018759876967916
0.1; 0.99; 0.1; 0.8; 20; 0.7034129160065993; 5160; 61; -1; {}; {} ;0.014124228342264677
0.1; 0.99; 0.1; 0.8; 20; 0.7191947170146198; 2908; 62; -1; {}; {} ;0.0016575726657558354
