delta; alpha; epsilon; k; initSize; fitness; time; logSize; totalNoAsynchMoves; asynchMovesAbs; asynchMovesRel; distToOriginal
0.01; 0.9; 0.01; -1; -1; 0.8153948547748655; 64736; 286; -1; {}; {} ;0.0057613825793625395
0.01; 0.9; 0.01; -1; -1; 0.8030292232142144; 162745; 285; -1; {}; {} ;0.00660424898128853
0.01; 0.9; 0.01; -1; -1; 0.8183887845295158; 52607; 290; -1; {}; {} ;0.008755312334012832
0.01; 0.9; 0.01; -1; -1; 0.7994159324380541; 940608; 292; -1; {}; {} ;0.010217539757448879
0.01; 0.9; 0.01; -1; -1; 0.8212851126684948; 175983; 348; -1; {}; {} ;0.011651640472991831
0.01; 0.9; 0.01; -1; -1; 0.8101068831698846; 71054; 317; -1; {}; {} ;4.7341097438158286E-4
0.01; 0.9; 0.01; -1; -1; 0.8159598082963617; 468725; 295; -1; {}; {} ;0.006326336100858754
0.01; 0.9; 0.01; -1; -1; 0.8007369779819422; 49639; 287; -1; {}; {} ;0.008896494213560757
0.01; 0.9; 0.01; -1; -1; 0.8138433301207864; 120639; 307; -1; {}; {} ;0.004209857925283389
0.01; 0.9; 0.01; -1; -1; 0.7987134922935882; 61739; 289; -1; {}; {} ;0.010919979901914734
0.01; 0.9; 0.05; -1; -1; 0.803275951230215; 45763; 271; -1; {}; {} ;0.006357520965287966
0.01; 0.9; 0.05; -1; -1; 0.810173612549208; 3114257; 270; -1; {}; {} ;5.401403537050875E-4
0.01; 0.9; 0.05; -1; -1; 0.7934205896283604; 372129; 272; -1; {}; {} ;0.016212882567142595
0.01; 0.9; 0.05; -1; -1; 0.7995302662592942; 89284; 270; -1; {}; {} ;0.010103205936208726
0.01; 0.9; 0.05; -1; -1; 0.8123214114494058; 246746; 269; -1; {}; {} ;0.0026879392539028713
0.01; 0.9; 0.05; -1; -1; 0.8004053939636384; 131616; 270; -1; {}; {} ;0.009228078231864556
0.01; 0.9; 0.05; -1; -1; 0.8088988335100856; 45767; 272; -1; {}; {} ;7.346386854173437E-4
0.01; 0.9; 0.05; -1; -1; 0.8091478410676339; 55680; 269; -1; {}; {} ;4.8563112786903506E-4
0.01; 0.9; 0.05; -1; -1; 0.8093552293172258; 82181; 269; -1; {}; {} ;2.782428782771573E-4
0.01; 0.9; 0.05; -1; -1; 0.8146343458683936; 92311; 270; -1; {}; {} ;0.005000873672890593
0.01; 0.9; 0.1; -1; -1; 0.8100015971559406; 113840; 270; -1; {}; {} ;3.68124960437588E-4
0.01; 0.9; 0.1; -1; -1; 0.8140420852900262; 61496; 269; -1; {}; {} ;0.004408613094523228
0.01; 0.9; 0.1; -1; -1; 0.7946197356444908; 78328; 270; -1; {}; {} ;0.015013736551012125
0.01; 0.9; 0.1; -1; -1; 0.7987618780963333; 1048099; 270; -1; {}; {} ;0.010871594099169712
0.01; 0.9; 0.1; -1; -1; 0.7995562580797998; 50607; 269; -1; {}; {} ;0.01007721411570317
0.01; 0.9; 0.1; -1; -1; 0.8187264555404651; 31757; 271; -1; {}; {} ;0.009092983344962113
0.01; 0.9; 0.1; -1; -1; 0.8114390934226636; 79210; 269; -1; {}; {} ;0.0018056212271606586
0.01; 0.9; 0.1; -1; -1; 0.8084324887899382; 66858; 269; -1; {}; {} ;0.0012009834055647373
0.01; 0.9; 0.1; -1; -1; 0.7941662067125366; 43923; 269; -1; {}; {} ;0.015467265482966397
0.01; 0.9; 0.1; -1; -1; 0.8062449139293884; 55131; 269; -1; {}; {} ;0.0033885582661146163
0.01; 0.95; 0.01; -1; -1; 0.8148805141746956; 129298; 405; -1; {}; {} ;0.005247041979192679
0.01; 0.95; 0.01; -1; -1; 0.8112666225013268; 1509799; 402; -1; {}; {} ;0.0016331503058237828
0.01; 0.95; 0.01; -1; -1; 0.8066220686924782; 61746; 399; -1; {}; {} ;0.0030114035030247566
0.01; 0.95; 0.01; -1; -1; 0.8254827328632199; 184922; 403; -1; {}; {} ;0.01584926066771697
0.01; 0.95; 0.01; -1; -1; 0.8192894580871191; 159404; 401; -1; {}; {} ;0.009655985891616092
0.01; 0.95; 0.01; -1; -1; 0.8220894518820331; 78967; 407; -1; {}; {} ;0.012455979686530116
0.01; 0.95; 0.01; -1; -1; 0.8173077280335747; 131138; 402; -1; {}; {} ;0.007674255838071686
0.01; 0.95; 0.01; -1; -1; 0.8066193089623788; 138412; 419; -1; {}; {} ;0.0030141632331242008
0.01; 0.95; 0.01; -1; -1; 0.8202860873853721; 42403; 402; -1; {}; {} ;0.010652615189869152
0.01; 0.95; 0.01; -1; -1; 0.7994732361548686; 173922; 400; -1; {}; {} ;0.010160236040634318
0.01; 0.95; 0.05; -1; -1; 0.8106759426750889; 138424; 382; -1; {}; {} ;0.001042470479585944
0.01; 0.95; 0.05; -1; -1; 0.8143435903019566; 80475; 387; -1; {}; {} ;0.004710118106453609
0.01; 0.95; 0.05; -1; -1; 0.8093646258775027; 163272; 385; -1; {}; {} ;2.68846318000282E-4
0.01; 0.95; 0.05; -1; -1; 0.8045711023281339; 157606; 385; -1; {}; {} ;0.0050623698673690765
0.01; 0.95; 0.05; -1; -1; 0.8189007591939497; 84854; 384; -1; {}; {} ;0.0092672869984467
0.01; 0.95; 0.05; -1; -1; 0.8194157765554514; 83931; 383; -1; {}; {} ;0.009782304359948424
0.01; 0.95; 0.05; -1; -1; 0.8198155335048303; 120762; 385; -1; {}; {} ;0.010182061309327306
0.01; 0.95; 0.05; -1; -1; 0.7923318534096992; 163715; 387; -1; {}; {} ;0.01730161878580372
0.01; 0.95; 0.05; -1; -1; 0.8013983539773917; 144978; 385; -1; {}; {} ;0.008235118218111293
0.01; 0.95; 0.05; -1; -1; 0.796387357821065; 120969; 386; -1; {}; {} ;0.013246114374438012
0.01; 0.95; 0.1; -1; -1; 0.8159482718076203; 79144; 383; -1; {}; {} ;0.006314799612117339
0.01; 0.95; 0.1; -1; -1; 0.8075617187215736; 138813; 383; -1; {}; {} ;0.0020717534739294052
0.01; 0.95; 0.1; -1; -1; 0.8102629741589122; 53764; 382; -1; {}; {} ;6.295019634092736E-4
0.01; 0.95; 0.1; -1; -1; 0.8200447363575066; 121960; 384; -1; {}; {} ;0.010411264162003664
0.01; 0.95; 0.1; -1; -1; 0.8131837696435698; 75345; 383; -1; {}; {} ;0.003550297448066786
0.01; 0.95; 0.1; -1; -1; 0.8083103088491702; 53474; 382; -1; {}; {} ;0.0013231633463327563
0.01; 0.95; 0.1; -1; -1; 0.8275456009250393; 147190; 384; -1; {}; {} ;0.017912128729536292
0.01; 0.95; 0.1; -1; -1; 0.8086085692930782; 185442; 382; -1; {}; {} ;0.0010249029024247402
0.01; 0.95; 0.1; -1; -1; 0.8031044954676471; 55505; 384; -1; {}; {} ;0.006528976727855906
0.01; 0.95; 0.1; -1; -1; 0.8123945630632576; 53937; 382; -1; {}; {} ;0.0027610908677546675
0.01; 0.99; 0.01; -1; -1; 0.8122640571867508; 125849; 702; -1; {}; {} ;0.0026305849912477974
0.01; 0.99; 0.01; -1; -1; 0.8101136599858344; 164383; 698; -1; {}; {} ;4.801877903314322E-4
0.01; 0.99; 0.01; -1; -1; 0.8083507371001264; 344055; 675; -1; {}; {} ;0.0012827350953765748
0.01; 0.99; 0.01; -1; -1; 0.8008539313895243; 211528; 686; -1; {}; {} ;0.008779540805978647
0.01; 0.99; 0.01; -1; -1; 0.8112158872052104; 151682; 683; -1; {}; {} ;0.0015824150097074607
0.01; 0.99; 0.01; -1; -1; 0.8077285158519112; 471981; 677; -1; {}; {} ;0.0019049563435917793
0.01; 0.99; 0.01; -1; -1; 0.8058549280455907; 192038; 676; -1; {}; {} ;0.0037785441499122996
0.01; 0.99; 0.01; -1; -1; 0.8161774834104881; 161125; 682; -1; {}; {} ;0.006544011214985157
0.01; 0.99; 0.01; -1; -1; 0.8047771025877627; 231460; 681; -1; {}; {} ;0.004856369607740274
0.01; 0.99; 0.01; -1; -1; 0.812134499716442; 144986; 686; -1; {}; {} ;0.0025010275209390587
0.01; 0.99; 0.05; -1; -1; 0.8098659310484214; 80169; 660; -1; {}; {} ;2.3245885291844903E-4
0.01; 0.99; 0.05; -1; -1; 0.802404919727811; 604733; 662; -1; {}; {} ;0.00722855246769194
0.01; 0.99; 0.05; -1; -1; 0.8146453840830001; 167867; 660; -1; {}; {} ;0.005011911887497167
0.01; 0.99; 0.05; -1; -1; 0.8058008771259917; 157471; 659; -1; {}; {} ;0.00383259506951128
0.01; 0.99; 0.05; -1; -1; 0.8154469571971328; 128887; 662; -1; {}; {} ;0.0058134850016298145
0.01; 0.99; 0.05; -1; -1; 0.8068858277916546; 251690; 662; -1; {}; {} ;0.002747644403848337
0.01; 0.99; 0.05; -1; -1; 0.8115151831032614; 359310; 658; -1; {}; {} ;0.0018817109077584604
0.01; 0.99; 0.05; -1; -1; 0.8022663603594127; 728326; 658; -1; {}; {} ;0.00736711183609029
0.01; 0.99; 0.05; -1; -1; 0.8066670967895763; 134640; 658; -1; {}; {} ;0.0029663754059267022
0.01; 0.99; 0.05; -1; -1; 0.8080669642114172; 383515; 660; -1; {}; {} ;0.001566507984085752
0.01; 0.99; 0.1; -1; -1; 0.8031747125780225; 262900; 659; -1; {}; {} ;0.006458759617480436
0.01; 0.99; 0.1; -1; -1; 0.80838565078277; 428693; 660; -1; {}; {} ;0.0012478214127329412
0.01; 0.99; 0.1; -1; -1; 0.8111168945024693; 115895; 659; -1; {}; {} ;0.0014834223069662977
0.01; 0.99; 0.1; -1; -1; 0.8166452697726234; 160730; 658; -1; {}; {} ;0.007011797577120449
0.01; 0.99; 0.1; -1; -1; 0.8079719265101897; 136812; 658; -1; {}; {} ;0.0016615456853132926
0.01; 0.99; 0.1; -1; -1; 0.8182411067432407; 887118; 658; -1; {}; {} ;0.00860763454773772
0.01; 0.99; 0.1; -1; -1; 0.8079103945394982; 180015; 659; -1; {}; {} ;0.0017230776560047678
0.01; 0.99; 0.1; -1; -1; 0.8097044280349872; 162326; 658; -1; {}; {} ;7.095583948424355E-5
0.01; 0.99; 0.1; -1; -1; 0.8026125734520411; 216910; 658; -1; {}; {} ;0.007020898743461901
0.01; 0.99; 0.1; -1; -1; 0.8129398535330356; 206526; 658; -1; {}; {} ;0.0033063813375325823
0.05; 0.9; 0.01; -1; -1; 0.8228227495253423; 8524; 80; -1; {}; {} ;0.013189277329839322
0.05; 0.9; 0.01; -1; -1; 0.8439275467590907; 24628; 67; -1; {}; {} ;0.034294074563587684
0.05; 0.9; 0.01; -1; -1; 0.8071599687703357; 7928; 81; -1; {}; {} ;0.0024735034251672783
0.05; 0.9; 0.01; -1; -1; 0.8101442915300499; 8212; 75; -1; {}; {} ;5.108193345468859E-4
0.05; 0.9; 0.01; -1; -1; 0.8273869058175701; 14361; 70; -1; {}; {} ;0.01775343362206716
0.05; 0.9; 0.01; -1; -1; 0.8203274897459085; 6020; 69; -1; {}; {} ;0.010694017550405555
0.05; 0.9; 0.01; -1; -1; 0.7710044111194243; 6043; 69; -1; {}; {} ;0.03862906107607866
0.05; 0.9; 0.01; -1; -1; 0.81114561938177; 33170; 72; -1; {}; {} ;0.001512147186267021
0.05; 0.9; 0.01; -1; -1; 0.7834286782116915; 19283; 79; -1; {}; {} ;0.02620479398381148
0.05; 0.9; 0.01; -1; -1; 0.8350936483074536; 22704; 93; -1; {}; {} ;0.025460176111950616
0.05; 0.9; 0.05; -1; -1; 0.8017907817526789; 19534; 54; -1; {}; {} ;0.00784269044282404
0.05; 0.9; 0.05; -1; -1; 0.8005591677930395; 14680; 58; -1; {}; {} ;0.009074304402463484
0.05; 0.9; 0.05; -1; -1; 0.813813929639523; 7480; 57; -1; {}; {} ;0.004180457444020069
0.05; 0.9; 0.05; -1; -1; 0.8134323142252569; 71421; 55; -1; {}; {} ;0.0037988420297538905
0.05; 0.9; 0.05; -1; -1; 0.7834617055836185; 5378; 56; -1; {}; {} ;0.026171766611884473
0.05; 0.9; 0.05; -1; -1; 0.783870411097778; 33515; 58; -1; {}; {} ;0.02576306109772497
0.05; 0.9; 0.05; -1; -1; 0.8234841866392667; 29214; 55; -1; {}; {} ;0.013850714443763734
0.05; 0.9; 0.05; -1; -1; 0.8477998636942564; 6553; 54; -1; {}; {} ;0.03816639149875345
0.05; 0.9; 0.05; -1; -1; 0.788504057813798; 6882; 56; -1; {}; {} ;0.021129414381705014
0.05; 0.9; 0.05; -1; -1; 0.8275117108158672; 12401; 56; -1; {}; {} ;0.017878238620364195
0.05; 0.9; 0.1; -1; -1; 0.819825111917475; 3193; 54; -1; {}; {} ;0.010191639721972012
0.05; 0.9; 0.1; -1; -1; 0.7985402614814383; 47754; 54; -1; {}; {} ;0.01109321071406466
0.05; 0.9; 0.1; -1; -1; 0.8142863737128028; 31827; 53; -1; {}; {} ;0.004652901517299801
0.05; 0.9; 0.1; -1; -1; 0.8143464287982075; 1991; 53; -1; {}; {} ;0.004712956602704543
0.05; 0.9; 0.1; -1; -1; 0.8262341200801049; 4851; 53; -1; {}; {} ;0.016600647884601916
0.05; 0.9; 0.1; -1; -1; 0.8409806082114625; 6233; 53; -1; {}; {} ;0.03134713601595951
0.05; 0.9; 0.1; -1; -1; 0.7848793686843041; 15994; 54; -1; {}; {} ;0.02475410351119889
0.05; 0.9; 0.1; -1; -1; 0.8525055101035494; 1503; 54; -1; {}; {} ;0.04287203790804639
0.05; 0.9; 0.1; -1; -1; 0.8058832600964532; 10848; 53; -1; {}; {} ;0.003750212099049799
0.05; 0.9; 0.1; -1; -1; 0.8125597221707178; 14143; 55; -1; {}; {} ;0.002926249975214845
0.05; 0.95; 0.01; -1; -1; 0.7923495745203695; 13625; 94; -1; {}; {} ;0.017283897675133497
0.05; 0.95; 0.01; -1; -1; 0.8284973916437711; 13892; 96; -1; {}; {} ;0.01886391944826815
0.05; 0.95; 0.01; -1; -1; 0.8157067443573992; 33936; 91; -1; {}; {} ;0.006073272161896237
0.05; 0.95; 0.01; -1; -1; 0.8018193460984183; 54185; 95; -1; {}; {} ;0.00781412609708465
0.05; 0.95; 0.01; -1; -1; 0.8098491170223289; 15157; 89; -1; {}; {} ;2.1564482682590036E-4
0.05; 0.95; 0.01; -1; -1; 0.8020135166807995; 8499; 103; -1; {}; {} ;0.007619955514703514
0.05; 0.95; 0.01; -1; -1; 0.8159853644627857; 11044; 99; -1; {}; {} ;0.006351892267282722
0.05; 0.95; 0.01; -1; -1; 0.7771206080694262; 10664; 87; -1; {}; {} ;0.03251286412607679
0.05; 0.95; 0.01; -1; -1; 0.8076522824911878; 48491; 100; -1; {}; {} ;0.001981189704315156
0.05; 0.95; 0.01; -1; -1; 0.8046016514833303; 12461; 124; -1; {}; {} ;0.005031820712172674
0.05; 0.95; 0.05; -1; -1; 0.7997666820192939; 55579; 77; -1; {}; {} ;0.009866790176209062
0.05; 0.95; 0.05; -1; -1; 0.824463323025656; 32845; 76; -1; {}; {} ;0.01482985083015298
0.05; 0.95; 0.05; -1; -1; 0.8345822282376012; 10814; 76; -1; {}; {} ;0.02494875604209823
0.05; 0.95; 0.05; -1; -1; 0.806963374470422; 12995; 77; -1; {}; {} ;0.0026700977250809776
0.05; 0.95; 0.05; -1; -1; 0.8016053481664797; 8394; 76; -1; {}; {} ;0.008028124029023309
0.05; 0.95; 0.05; -1; -1; 0.845876538051053; 6034; 76; -1; {}; {} ;0.03624306585555004
0.05; 0.95; 0.05; -1; -1; 0.7996934558685282; 77386; 75; -1; {}; {} ;0.009940016326974721
0.05; 0.95; 0.05; -1; -1; 0.808591600503365; 3336; 74; -1; {}; {} ;0.0010418716921379856
0.05; 0.95; 0.05; -1; -1; 0.8131162242651115; 11028; 76; -1; {}; {} ;0.0034827520696085745
0.05; 0.95; 0.05; -1; -1; 0.8214139282152069; 40980; 75; -1; {}; {} ;0.0117804560197039
0.05; 0.95; 0.1; -1; -1; 0.8269958331428917; 16008; 75; -1; {}; {} ;0.017362360947388744
0.05; 0.95; 0.1; -1; -1; 0.7815089599226573; 12295; 74; -1; {}; {} ;0.028124512272845625
0.05; 0.95; 0.1; -1; -1; 0.8015161235185928; 12594; 76; -1; {}; {} ;0.008117348676910163
0.05; 0.95; 0.1; -1; -1; 0.7805045924850852; 31495; 75; -1; {}; {} ;0.029128879710417777
0.05; 0.95; 0.1; -1; -1; 0.8209316003122449; 30445; 74; -1; {}; {} ;0.011298128116741912
0.05; 0.95; 0.1; -1; -1; 0.804864167741185; 5541; 74; -1; {}; {} ;0.004769304454318002
0.05; 0.95; 0.1; -1; -1; 0.8185461847885541; 12891; 74; -1; {}; {} ;0.008912712593051153
0.05; 0.95; 0.1; -1; -1; 0.807517194902998; 7645; 75; -1; {}; {} ;0.0021162772925049644
0.05; 0.95; 0.1; -1; -1; 0.8278616153176634; 4112; 74; -1; {}; {} ;0.01822814312216048
0.05; 0.95; 0.1; -1; -1; 0.8307473685666961; 56360; 75; -1; {}; {} ;0.021113896371193097
0.05; 0.99; 0.01; -1; -1; 0.8262420030442971; 10765; 145; -1; {}; {} ;0.0166085308487941
0.05; 0.99; 0.01; -1; -1; 0.8195749389203085; 32637; 154; -1; {}; {} ;0.009941466724805559
0.05; 0.99; 0.01; -1; -1; 0.8139708361261627; 316896; 153; -1; {}; {} ;0.0043373639306597545
0.05; 0.99; 0.01; -1; -1; 0.8193283821323591; 95952; 169; -1; {}; {} ;0.009694909936856178
0.05; 0.99; 0.01; -1; -1; 0.809953443567747; 17207; 146; -1; {}; {} ;3.1997137224404337E-4
0.05; 0.99; 0.01; -1; -1; 0.8078332807788654; 38118; 165; -1; {}; {} ;0.0018001914166375643
0.05; 0.99; 0.01; -1; -1; 0.7973228335511807; 56709; 149; -1; {}; {} ;0.012310638644322247
0.05; 0.99; 0.01; -1; -1; 0.7935186913914579; 34317; 149; -1; {}; {} ;0.016114780804045048
0.05; 0.99; 0.01; -1; -1; 0.8153777715603842; 28777; 150; -1; {}; {} ;0.005744299364881189
0.05; 0.99; 0.01; -1; -1; 0.8120221105879075; 29452; 146; -1; {}; {} ;0.0023886383924045518
0.05; 0.99; 0.05; -1; -1; 0.8173365745725152; 6740; 130; -1; {}; {} ;0.0077031023770122165
0.05; 0.99; 0.05; -1; -1; 0.8034396644517874; 25839; 129; -1; {}; {} ;0.006193807743715585
0.05; 0.99; 0.05; -1; -1; 0.8147717695341565; 727195; 132; -1; {}; {} ;0.0051382973386535635
0.05; 0.99; 0.05; -1; -1; 0.8041459790893818; 14138; 129; -1; {}; {} ;0.005487493106121177
0.05; 0.99; 0.05; -1; -1; 0.8022331066184857; 29160; 129; -1; {}; {} ;0.007400365577017287
0.05; 0.99; 0.05; -1; -1; 0.8104272113042866; 209109; 130; -1; {}; {} ;7.937391087836643E-4
0.05; 0.99; 0.05; -1; -1; 0.7966300855546707; 14586; 133; -1; {}; {} ;0.013003386640832226
0.05; 0.99; 0.05; -1; -1; 0.8069005262357363; 19756; 131; -1; {}; {} ;0.002732945959766697
0.05; 0.99; 0.05; -1; -1; 0.8035626265344651; 294034; 130; -1; {}; {} ;0.0060708456610378825
0.05; 0.99; 0.05; -1; -1; 0.8083657517034966; 36435; 129; -1; {}; {} ;0.0012677204920064078
0.05; 0.99; 0.1; -1; -1; 0.8054626132004208; 21807; 129; -1; {}; {} ;0.004170858995082183
0.05; 0.99; 0.1; -1; -1; 0.8000799123421068; 161440; 129; -1; {}; {} ;0.00955355985339612
0.05; 0.99; 0.1; -1; -1; 0.8281961613952504; 17009; 128; -1; {}; {} ;0.018562689199747462
0.05; 0.99; 0.1; -1; -1; 0.8303891966583189; 12605; 129; -1; {}; {} ;0.020755724462815928
0.05; 0.99; 0.1; -1; -1; 0.8204292739002719; 19312; 128; -1; {}; {} ;0.010795801704768904
0.05; 0.99; 0.1; -1; -1; 0.8108419017423273; 61472; 128; -1; {}; {} ;0.001208429546824319
0.05; 0.99; 0.1; -1; -1; 0.80649416719706; 21054; 128; -1; {}; {} ;0.003139304998442949
0.05; 0.99; 0.1; -1; -1; 0.8015537823490485; 16528; 129; -1; {}; {} ;0.008079689846454463
0.05; 0.99; 0.1; -1; -1; 0.8090127509823481; 42218; 130; -1; {}; {} ;6.207212131548179E-4
0.05; 0.99; 0.1; -1; -1; 0.8156491409121995; 16543; 128; -1; {}; {} ;0.006015668716696565
0.1; 0.9; 0.01; -1; -1; 0.801202348209988; 8676; 48; -1; {}; {} ;0.008431123985514932
0.1; 0.9; 0.01; -1; -1; 0.8333867282673629; 12840; 49; -1; {}; {} ;0.023753256071859963
0.1; 0.9; 0.01; -1; -1; 0.7786715943630838; 11437; 47; -1; {}; {} ;0.030961877832419216
0.1; 0.9; 0.01; -1; -1; 0.785288405600571; 3524; 42; -1; {}; {} ;0.024345066594931963
0.1; 0.9; 0.01; -1; -1; 0.7868105586015076; 10344; 64; -1; {}; {} ;0.022822913593995353
0.1; 0.9; 0.01; -1; -1; 0.8079857383464264; 16001; 47; -1; {}; {} ;0.0016477338490765714
0.1; 0.9; 0.01; -1; -1; 0.8243039099732862; 7989; 64; -1; {}; {} ;0.014670437777783207
0.1; 0.9; 0.01; -1; -1; 0.8305802429076085; 16374; 45; -1; {}; {} ;0.02094677071210549
0.1; 0.9; 0.01; -1; -1; 0.8307874635365762; 2348; 40; -1; {}; {} ;0.02115399134107321
0.1; 0.9; 0.01; -1; -1; 0.7862494449411086; 4571; 54; -1; {}; {} ;0.02338402725439437
0.1; 0.9; 0.05; -1; -1; 0.8338139194320755; 1654; 28; -1; {}; {} ;0.024180447236572533
0.1; 0.9; 0.05; -1; -1; 0.8171919960381497; 1649; 26; -1; {}; {} ;0.007558523842646769
0.1; 0.9; 0.05; -1; -1; 0.8309292769805264; 750; 28; -1; {}; {} ;0.021295804785023464
0.1; 0.9; 0.05; -1; -1; 0.7897652724968022; 70987; 31; -1; {}; {} ;0.019868199698700795
0.1; 0.9; 0.05; -1; -1; 0.8161561732614365; 18088; 30; -1; {}; {} ;0.006522701065933556
0.1; 0.9; 0.05; -1; -1; 0.8118076186703639; 2018; 27; -1; {}; {} ;0.0021741464748609163
0.1; 0.9; 0.05; -1; -1; 0.814372822356683; 1137; 28; -1; {}; {} ;0.004739350161179989
0.1; 0.9; 0.05; -1; -1; 0.8541568334593556; 14503; 29; -1; {}; {} ;0.04452336126385259
0.1; 0.9; 0.05; -1; -1; 0.8416407460851905; 1568; 27; -1; {}; {} ;0.03200727388968749
0.1; 0.9; 0.05; -1; -1; 0.8201196938180649; 1327; 28; -1; {}; {} ;0.010486221622561964
0.1; 0.9; 0.1; -1; -1; 0.8011553840494465; 2198; 27; -1; {}; {} ;0.00847808814605644
0.1; 0.9; 0.1; -1; -1; 0.8225848672802456; 17335; 28; -1; {}; {} ;0.012951395084742634
0.1; 0.9; 0.1; -1; -1; 0.7831345804955595; 27623; 26; -1; {}; {} ;0.02649889169994346
0.1; 0.9; 0.1; -1; -1; 0.8343426876021256; 1650; 26; -1; {}; {} ;0.02470921540662263
0.1; 0.9; 0.1; -1; -1; 0.8112821484439524; 1621; 26; -1; {}; {} ;0.0016486762484494433
0.1; 0.9; 0.1; -1; -1; 0.8335393239239394; 5114; 26; -1; {}; {} ;0.0239058517284364
0.1; 0.9; 0.1; -1; -1; 0.8836987585064511; 23992; 26; -1; {}; {} ;0.07406528631094811
0.1; 0.9; 0.1; -1; -1; 0.8517475579975582; 540; 26; -1; {}; {} ;0.04211408580205522
0.1; 0.9; 0.1; -1; -1; 0.8426469358055035; 716; 27; -1; {}; {} ;0.03301346361000057
0.1; 0.9; 0.1; -1; -1; 0.833085058480986; 966; 26; -1; {}; {} ;0.02345158628548305
0.1; 0.95; 0.01; -1; -1; 0.7826909540091569; 8329; 58; -1; {}; {} ;0.026942518186346076
0.1; 0.95; 0.01; -1; -1; 0.8077945743435547; 2952; 52; -1; {}; {} ;0.0018388978519482402
0.1; 0.95; 0.01; -1; -1; 0.7794371327117109; 15867; 53; -1; {}; {} ;0.03019633948379208
0.1; 0.95; 0.01; -1; -1; 0.8279164979124526; 15787; 62; -1; {}; {} ;0.01828302571694962
0.1; 0.95; 0.01; -1; -1; 0.7787588220259901; 9334; 58; -1; {}; {} ;0.03087465016951285
0.1; 0.95; 0.01; -1; -1; 0.8052966555934232; 12685; 90; -1; {}; {} ;0.0043368166020797405
0.1; 0.95; 0.01; -1; -1; 0.8285751935950875; 4082; 52; -1; {}; {} ;0.0189417213995845
0.1; 0.95; 0.01; -1; -1; 0.8094880110757564; 6455; 58; -1; {}; {} ;1.454611197465594E-4
0.1; 0.95; 0.01; -1; -1; 0.8456098816100632; 7537; 72; -1; {}; {} ;0.03597640941456026
0.1; 0.95; 0.01; -1; -1; 0.8088786120063189; 17291; 62; -1; {}; {} ;7.548601891840256E-4
0.1; 0.95; 0.05; -1; -1; 0.8250025031823278; 28017; 36; -1; {}; {} ;0.01536903098682485
0.1; 0.95; 0.05; -1; -1; 0.7956509285308534; 4363; 39; -1; {}; {} ;0.013982543664649572
0.1; 0.95; 0.05; -1; -1; 0.8000961240344064; 4677; 37; -1; {}; {} ;0.009537348161096526
0.1; 0.95; 0.05; -1; -1; 0.799867648145512; 5753; 37; -1; {}; {} ;0.009765824049990934
0.1; 0.95; 0.05; -1; -1; 0.8388969303829986; 2158; 38; -1; {}; {} ;0.02926345818749565
0.1; 0.95; 0.05; -1; -1; 0.8288695822151704; 3691; 40; -1; {}; {} ;0.019236110019667407
0.1; 0.95; 0.05; -1; -1; 0.7993598584089786; 6903; 37; -1; {}; {} ;0.01027361378652436
0.1; 0.95; 0.05; -1; -1; 0.8191765291765291; 2645; 37; -1; {}; {} ;0.009543056981026088
0.1; 0.95; 0.05; -1; -1; 0.7943127102568457; 67428; 36; -1; {}; {} ;0.015320761938657279
0.1; 0.95; 0.05; -1; -1; 0.8116316047756492; 19943; 38; -1; {}; {} ;0.00199813258014625
0.1; 0.95; 0.1; -1; -1; 0.816594391280385; 12354; 36; -1; {}; {} ;0.006960919084882056
0.1; 0.95; 0.1; -1; -1; 0.7590070227037686; 10364; 36; -1; {}; {} ;0.05062644949173434
0.1; 0.95; 0.1; -1; -1; 0.8113204107871868; 4009; 37; -1; {}; {} ;0.0016869385916837842
0.1; 0.95; 0.1; -1; -1; 0.8167804550157493; 1650; 37; -1; {}; {} ;0.007146982820246284
0.1; 0.95; 0.1; -1; -1; 0.7708045036992407; 4184; 37; -1; {}; {} ;0.03882896849626227
0.1; 0.95; 0.1; -1; -1; 0.8189791697525418; 3277; 37; -1; {}; {} ;0.009345697557038846
0.1; 0.95; 0.1; -1; -1; 0.8529123164417282; 3456; 36; -1; {}; {} ;0.04327884424622519
0.1; 0.95; 0.1; -1; -1; 0.8267294283851303; 3054; 36; -1; {}; {} ;0.017095956189627337
0.1; 0.95; 0.1; -1; -1; 0.7865473944421314; 4352; 37; -1; {}; {} ;0.02308607775337157
0.1; 0.95; 0.1; -1; -1; 0.7780983880861333; 12027; 36; -1; {}; {} ;0.03153508410936967
0.1; 0.99; 0.01; -1; -1; 0.8113815757846521; 72530; 86; -1; {}; {} ;0.0017481035891491192
0.1; 0.99; 0.01; -1; -1; 0.7994513950286625; 16672; 77; -1; {}; {} ;0.010182077166840497
0.1; 0.99; 0.01; -1; -1; 0.7793331889557881; 14689; 75; -1; {}; {} ;0.030300283239714898
0.1; 0.99; 0.01; -1; -1; 0.7881342840796486; 29792; 89; -1; {}; {} ;0.021499188115854384
0.1; 0.99; 0.01; -1; -1; 0.7829366811883559; 16233; 82; -1; {}; {} ;0.026696791007147058
0.1; 0.99; 0.01; -1; -1; 0.8346429448706411; 30092; 82; -1; {}; {} ;0.02500947267513809
0.1; 0.99; 0.01; -1; -1; 0.8197209680933948; 9107; 76; -1; {}; {} ;0.010087495897891818
0.1; 0.99; 0.01; -1; -1; 0.7966520169608777; 29101; 80; -1; {}; {} ;0.012981455234625239
0.1; 0.99; 0.01; -1; -1; 0.7997259798892958; 21654; 80; -1; {}; {} ;0.009907492306207133
0.1; 0.99; 0.01; -1; -1; 0.8140022095857317; 4345; 87; -1; {}; {} ;0.004368737390228694
0.1; 0.99; 0.05; -1; -1; 0.7756058316945827; 19116; 63; -1; {}; {} ;0.03402764050092022
0.1; 0.99; 0.05; -1; -1; 0.8471105544614911; 12841; 66; -1; {}; {} ;0.037477082265988115
0.1; 0.99; 0.05; -1; -1; 0.8054217255066126; 78227; 65; -1; {}; {} ;0.00421174668889035
0.1; 0.99; 0.05; -1; -1; 0.8042431307764392; 34167; 62; -1; {}; {} ;0.005390341419063804
0.1; 0.99; 0.05; -1; -1; 0.7901370332296704; 2356; 62; -1; {}; {} ;0.01949643896583253
0.1; 0.99; 0.05; -1; -1; 0.8243861173548673; 107775; 64; -1; {}; {} ;0.014752645159364364
0.1; 0.99; 0.05; -1; -1; 0.8255082480077486; 7215; 62; -1; {}; {} ;0.015874775812245612
0.1; 0.99; 0.05; -1; -1; 0.7951579344434632; 18457; 62; -1; {}; {} ;0.014475537752039802
0.1; 0.99; 0.05; -1; -1; 0.768846940662414; 17324; 65; -1; {}; {} ;0.04078653153308898
0.1; 0.99; 0.05; -1; -1; 0.8132641101673578; 33226; 62; -1; {}; {} ;0.003630637971854811
0.1; 0.99; 0.1; -1; -1; 0.8323078749333196; 90321; 61; -1; {}; {} ;0.022674402737816624
0.1; 0.99; 0.1; -1; -1; 0.826520345557752; 7172; 61; -1; {}; {} ;0.016886873362249033
0.1; 0.99; 0.1; -1; -1; 0.8335402319818931; 15964; 63; -1; {}; {} ;0.02390675978639012
0.1; 0.99; 0.1; -1; -1; 0.817211405307208; 45355; 63; -1; {}; {} ;0.007577933111705071
0.1; 0.99; 0.1; -1; -1; 0.7960243533887509; 26637; 62; -1; {}; {} ;0.013609118806752085
0.1; 0.99; 0.1; -1; -1; 0.7525959749233706; 14522; 61; -1; {}; {} ;0.057037497272132365
0.1; 0.99; 0.1; -1; -1; 0.8102666516504768; 13740; 61; -1; {}; {} ;6.331794549738756E-4
0.1; 0.99; 0.1; -1; -1; 0.8170565151876432; 5950; 61; -1; {}; {} ;0.00742304299214025
0.1; 0.99; 0.1; -1; -1; 0.8252400374724385; 7753; 61; -1; {}; {} ;0.015606565276935491
0.1; 0.99; 0.1; -1; -1; 0.8116472627268672; 5173; 62; -1; {}; {} ;0.00201379053136419
