delta; alpha; epsilon; k; initSize; fitness; time; logSize; totalNoAsynchMoves; asynchMovesAbs; asynchMovesRel; distToOriginal
0.01; 0.9; 0.01; -1; -1; 0.7106043169906563; 17725; 293; -1; {}; {} ;0.0069328273582076605
0.01; 0.9; 0.01; -1; -1; 0.7218464691115846; 21956; 296; -1; {}; {} ;0.004309324762720612
0.01; 0.9; 0.01; -1; -1; 0.7010177802417354; 23309; 300; -1; {}; {} ;0.01651936410712851
0.01; 0.9; 0.01; -1; -1; 0.709562645660518; 19214; 297; -1; {}; {} ;0.007974498688345988
0.01; 0.9; 0.01; -1; -1; 0.7183606539086482; 31165; 299; -1; {}; {} ;8.235095597842745E-4
0.01; 0.9; 0.01; -1; -1; 0.7114971817687955; 20560; 299; -1; {}; {} ;0.0060399625800684476
0.01; 0.9; 0.01; -1; -1; 0.7151861416857596; 21189; 298; -1; {}; {} ;0.0023510026631043957
0.01; 0.9; 0.01; -1; -1; 0.6997302296588231; 21906; 296; -1; {}; {} ;0.01780691469004081
0.01; 0.9; 0.01; -1; -1; 0.7108396771012658; 36829; 293; -1; {}; {} ;0.006697467247598121
0.01; 0.9; 0.01; -1; -1; 0.7197640568213547; 28041; 294; -1; {}; {} ;0.0022269124724907385
0.01; 0.9; 0.05; -1; -1; 0.7028997570917757; 38118; 272; -1; {}; {} ;0.014637387257088297
0.01; 0.9; 0.05; -1; -1; 0.7297404438181204; 16896; 271; -1; {}; {} ;0.012203299469256468
0.01; 0.9; 0.05; -1; -1; 0.7322067947870052; 11667; 271; -1; {}; {} ;0.01466965043814128
0.01; 0.9; 0.05; -1; -1; 0.717983148129905; 18396; 270; -1; {}; {} ;4.460037810410933E-4
0.01; 0.9; 0.05; -1; -1; 0.7040955784484599; 21739; 272; -1; {}; {} ;0.013441565900404018
0.01; 0.9; 0.05; -1; -1; 0.733380936368754; 31046; 271; -1; {}; {} ;0.015843792019890057
0.01; 0.9; 0.05; -1; -1; 0.711870217562439; 19441; 270; -1; {}; {} ;0.005666926786424997
0.01; 0.9; 0.05; -1; -1; 0.7220573265276055; 12775; 275; -1; {}; {} ;0.004520182178741505
0.01; 0.9; 0.05; -1; -1; 0.6962546760530424; 17627; 273; -1; {}; {} ;0.02128246829582159
0.01; 0.9; 0.05; -1; -1; 0.7181304933278254; 14691; 274; -1; {}; {} ;5.93348978961461E-4
0.01; 0.9; 0.1; -1; -1; 0.7083557777805689; 13276; 270; -1; {}; {} ;0.009181366568295046
0.01; 0.9; 0.1; -1; -1; 0.7075029541135773; 25924; 271; -1; {}; {} ;0.010034190235286622
0.01; 0.9; 0.1; -1; -1; 0.7483046816588995; 16336; 271; -1; {}; {} ;0.030767537310035564
0.01; 0.9; 0.1; -1; -1; 0.7197124083164116; 14140; 270; -1; {}; {} ;0.002175263967547636
0.01; 0.9; 0.1; -1; -1; 0.7470222857660218; 9992; 269; -1; {}; {} ;0.029485141417157856
0.01; 0.9; 0.1; -1; -1; 0.7235897660969397; 13657; 270; -1; {}; {} ;0.006052621748075748
0.01; 0.9; 0.1; -1; -1; 0.7411923119075834; 13337; 270; -1; {}; {} ;0.023655167558719437
0.01; 0.9; 0.1; -1; -1; 0.7002945694740049; 21017; 271; -1; {}; {} ;0.01724257487485903
0.01; 0.9; 0.1; -1; -1; 0.730947907215755; 15386; 271; -1; {}; {} ;0.013410762866891024
0.01; 0.9; 0.1; -1; -1; 0.6888512164735029; 23842; 269; -1; {}; {} ;0.02868592787536106
0.01; 0.95; 0.01; -1; -1; 0.7158521052742544; 20799; 412; -1; {}; {} ;0.0016850390746095956
0.01; 0.95; 0.01; -1; -1; 0.7187202017500115; 38279; 411; -1; {}; {} ;0.001183057401147547
0.01; 0.95; 0.01; -1; -1; 0.725207570893611; 29211; 409; -1; {}; {} ;0.007670426544747033
0.01; 0.95; 0.01; -1; -1; 0.710033634073486; 28944; 409; -1; {}; {} ;0.007503510275377989
0.01; 0.95; 0.01; -1; -1; 0.7177923906188499; 28418; 412; -1; {}; {} ;2.552462699859648E-4
0.01; 0.95; 0.01; -1; -1; 0.710779532238546; 33618; 408; -1; {}; {} ;0.006757612110318001
0.01; 0.95; 0.01; -1; -1; 0.7136609757147205; 29957; 410; -1; {}; {} ;0.0038761686341434176
0.01; 0.95; 0.01; -1; -1; 0.7234420529472846; 25584; 412; -1; {}; {} ;0.005904908598420633
0.01; 0.95; 0.01; -1; -1; 0.6969319322021353; 37919; 402; -1; {}; {} ;0.020605212146728613
0.01; 0.95; 0.01; -1; -1; 0.7050502682735796; 24427; 411; -1; {}; {} ;0.012486876075284314
0.01; 0.95; 0.05; -1; -1; 0.7175375066021137; 23783; 387; -1; {}; {} ;3.622532497304931E-7
0.01; 0.95; 0.05; -1; -1; 0.727436339766108; 17162; 388; -1; {}; {} ;0.009899195417244044
0.01; 0.95; 0.05; -1; -1; 0.7185444138103979; 21629; 388; -1; {}; {} ;0.001007269461533955
0.01; 0.95; 0.05; -1; -1; 0.724685589772826; 22686; 384; -1; {}; {} ;0.007148445423962091
0.01; 0.95; 0.05; -1; -1; 0.7228632110555097; 20712; 387; -1; {}; {} ;0.005326066706645705
0.01; 0.95; 0.05; -1; -1; 0.6983428586560486; 29212; 384; -1; {}; {} ;0.019194285692815338
0.01; 0.95; 0.05; -1; -1; 0.7241213869573347; 37369; 383; -1; {}; {} ;0.006584242608470792
0.01; 0.95; 0.05; -1; -1; 0.7320007164498841; 25535; 385; -1; {}; {} ;0.014463572101020117
0.01; 0.95; 0.05; -1; -1; 0.7152280487479116; 25939; 383; -1; {}; {} ;0.002309095600952382
0.01; 0.95; 0.05; -1; -1; 0.7170412265861545; 34413; 386; -1; {}; {} ;4.95917762709408E-4
0.01; 0.95; 0.1; -1; -1; 0.7323527339539915; 26418; 384; -1; {}; {} ;0.014815589605127522
0.01; 0.95; 0.1; -1; -1; 0.7112522544970864; 27323; 384; -1; {}; {} ;0.006284889851777553
0.01; 0.95; 0.1; -1; -1; 0.7096749159178237; 22022; 382; -1; {}; {} ;0.00786222843104023
0.01; 0.95; 0.1; -1; -1; 0.7085783258964848; 20464; 383; -1; {}; {} ;0.008958818452379114
0.01; 0.95; 0.1; -1; -1; 0.713935937594578; 24483; 383; -1; {}; {} ;0.0036012067542859905
0.01; 0.95; 0.1; -1; -1; 0.7156281273440194; 50602; 383; -1; {}; {} ;0.001909017004844582
0.01; 0.95; 0.1; -1; -1; 0.7112781084745219; 21672; 382; -1; {}; {} ;0.006259035874342067
0.01; 0.95; 0.1; -1; -1; 0.7062817383768633; 27705; 384; -1; {}; {} ;0.011255405972000698
0.01; 0.95; 0.1; -1; -1; 0.7231892928816256; 32779; 383; -1; {}; {} ;0.005652148532761636
0.01; 0.95; 0.1; -1; -1; 0.7050972338624507; 21364; 384; -1; {}; {} ;0.012439910486413241
0.01; 0.99; 0.01; -1; -1; 0.7109494711456258; 43306; 691; -1; {}; {} ;0.006587673203238165
0.01; 0.99; 0.01; -1; -1; 0.7187095910436911; 38632; 689; -1; {}; {} ;0.0011724466948271894
0.01; 0.99; 0.01; -1; -1; 0.7093015185645802; 43355; 683; -1; {}; {} ;0.008235625784283718
0.01; 0.99; 0.01; -1; -1; 0.730017135159897; 37439; 676; -1; {}; {} ;0.012479990811033015
0.01; 0.99; 0.01; -1; -1; 0.7130944230908226; 35560; 684; -1; {}; {} ;0.004442721258041349
0.01; 0.99; 0.01; -1; -1; 0.70894804203141; 77434; 681; -1; {}; {} ;0.008589102317453912
0.01; 0.99; 0.01; -1; -1; 0.7114568892163008; 53008; 687; -1; {}; {} ;0.0060802551325631615
0.01; 0.99; 0.01; -1; -1; 0.7183393300918525; 48370; 685; -1; {}; {} ;8.021857429885149E-4
0.01; 0.99; 0.01; -1; -1; 0.7198474650872277; 37583; 685; -1; {}; {} ;0.0023103207383637914
0.01; 0.99; 0.01; -1; -1; 0.7308641258903862; 38068; 688; -1; {}; {} ;0.013326981541522231
0.01; 0.99; 0.05; -1; -1; 0.7109624919955261; 46219; 662; -1; {}; {} ;0.006574652353337873
0.01; 0.99; 0.05; -1; -1; 0.7135878696477161; 48224; 659; -1; {}; {} ;0.003949274701147809
0.01; 0.99; 0.05; -1; -1; 0.7113464407139348; 35841; 661; -1; {}; {} ;0.006190703634929129
0.01; 0.99; 0.05; -1; -1; 0.7153795621566503; 55718; 663; -1; {}; {} ;0.002157582192213625
0.01; 0.99; 0.05; -1; -1; 0.7229602446668336; 42238; 661; -1; {}; {} ;0.005423100317969665
0.01; 0.99; 0.05; -1; -1; 0.7094779771523114; 42125; 664; -1; {}; {} ;0.00805916719655253
0.01; 0.99; 0.05; -1; -1; 0.7257937034653268; 42389; 661; -1; {}; {} ;0.008256559116462836
0.01; 0.99; 0.05; -1; -1; 0.718099251032275; 34326; 660; -1; {}; {} ;5.621066834110566E-4
0.01; 0.99; 0.05; -1; -1; 0.7244036087939453; 43048; 662; -1; {}; {} ;0.006866464445081322
0.01; 0.99; 0.05; -1; -1; 0.7124214676071893; 49013; 663; -1; {}; {} ;0.0051156767416746796
0.01; 0.99; 0.1; -1; -1; 0.7189035604258623; 33584; 659; -1; {}; {} ;0.001366416076998389
0.01; 0.99; 0.1; -1; -1; 0.7129930703423252; 63283; 659; -1; {}; {} ;0.004544074006538779
0.01; 0.99; 0.1; -1; -1; 0.7212236992086174; 48306; 659; -1; {}; {} ;0.0036865548597534437
0.01; 0.99; 0.1; -1; -1; 0.7266246213102072; 40733; 659; -1; {}; {} ;0.009087476961343266
0.01; 0.99; 0.1; -1; -1; 0.72862451710981; 35035; 659; -1; {}; {} ;0.011087372760946068
0.01; 0.99; 0.1; -1; -1; 0.7243157456815944; 46146; 658; -1; {}; {} ;0.0067786013327304495
0.01; 0.99; 0.1; -1; -1; 0.7344144471057261; 48847; 659; -1; {}; {} ;0.016877302756862167
0.01; 0.99; 0.1; -1; -1; 0.7137369696598389; 37334; 660; -1; {}; {} ;0.0038001746890250487
0.01; 0.99; 0.1; -1; -1; 0.7031713141949285; 36685; 659; -1; {}; {} ;0.014365830153935444
0.01; 0.99; 0.1; -1; -1; 0.7175090052376115; 49510; 659; -1; {}; {} ;2.813911125243429E-5
0.05; 0.9; 0.01; -1; -1; 0.7124511828667457; 5632; 74; -1; {}; {} ;0.005085961482118262
0.05; 0.9; 0.01; -1; -1; 0.7223500045808741; 4925; 81; -1; {}; {} ;0.004812860232010108
0.05; 0.9; 0.01; -1; -1; 0.6993572368646104; 4695; 78; -1; {}; {} ;0.018179907484253577
0.05; 0.9; 0.01; -1; -1; 0.6945749008896533; 5617; 85; -1; {}; {} ;0.022962243459210607
0.05; 0.9; 0.01; -1; -1; 0.7414318019657071; 8069; 83; -1; {}; {} ;0.023894657616843173
0.05; 0.9; 0.01; -1; -1; 0.7137595934404394; 6424; 78; -1; {}; {} ;0.003777550908424576
0.05; 0.9; 0.01; -1; -1; 0.7291280285659154; 3465; 80; -1; {}; {} ;0.011590884217051456
0.05; 0.9; 0.01; -1; -1; 0.7309999759602476; 4251; 84; -1; {}; {} ;0.013462831611383619
0.05; 0.9; 0.01; -1; -1; 0.7457210764253512; 6166; 84; -1; {}; {} ;0.028183932076487284
0.05; 0.9; 0.01; -1; -1; 0.7348290424159833; 2323; 75; -1; {}; {} ;0.017291898067119393
0.05; 0.9; 0.05; -1; -1; 0.7143035959928202; 5890; 58; -1; {}; {} ;0.003233548356043725
0.05; 0.9; 0.05; -1; -1; 0.7151197031044461; 3071; 54; -1; {}; {} ;0.002417441244417895
0.05; 0.9; 0.05; -1; -1; 0.7344729807535635; 1686; 58; -1; {}; {} ;0.016935836404699534
0.05; 0.9; 0.05; -1; -1; 0.7559404545788774; 1950; 57; -1; {}; {} ;0.03840331023001342
0.05; 0.9; 0.05; -1; -1; 0.7322429144403484; 3451; 59; -1; {}; {} ;0.014705770091484438
0.05; 0.9; 0.05; -1; -1; 0.7483751409507018; 2084; 55; -1; {}; {} ;0.030837996601837836
0.05; 0.9; 0.05; -1; -1; 0.672966123315112; 3565; 59; -1; {}; {} ;0.04457102103375199
0.05; 0.9; 0.05; -1; -1; 0.6613952795229274; 9403; 58; -1; {}; {} ;0.05614186482593653
0.05; 0.9; 0.05; -1; -1; 0.7036112544640668; 2679; 56; -1; {}; {} ;0.013925889884797149
0.05; 0.9; 0.05; -1; -1; 0.7265143382887823; 4794; 59; -1; {}; {} ;0.00897719393991836
0.05; 0.9; 0.1; -1; -1; 0.7317922251888318; 7641; 54; -1; {}; {} ;0.014255080839967849
0.05; 0.9; 0.1; -1; -1; 0.7308667385617552; 4343; 54; -1; {}; {} ;0.01332959421289126
0.05; 0.9; 0.1; -1; -1; 0.7347260922481027; 5647; 55; -1; {}; {} ;0.01718894789923875
0.05; 0.9; 0.1; -1; -1; 0.6986642731679021; 3435; 54; -1; {}; {} ;0.018872871180961814
0.05; 0.9; 0.1; -1; -1; 0.7213617717088049; 4986; 55; -1; {}; {} ;0.0038246273599409353
0.05; 0.9; 0.1; -1; -1; 0.7186420448737002; 8908; 53; -1; {}; {} ;0.0011049005248362498
0.05; 0.9; 0.1; -1; -1; 0.748559278822178; 3071; 54; -1; {}; {} ;0.031022134473314034
0.05; 0.9; 0.1; -1; -1; 0.7280330310162615; 6716; 53; -1; {}; {} ;0.010495886667397536
0.05; 0.9; 0.1; -1; -1; 0.8000183246365766; 530; 55; -1; {}; {} ;0.08248118028771267
0.05; 0.9; 0.1; -1; -1; 0.6802944954150194; 3875; 54; -1; {}; {} ;0.03724264893384455
0.05; 0.95; 0.01; -1; -1; 0.7067348129740023; 4431; 99; -1; {}; {} ;0.01080233137486164
0.05; 0.95; 0.01; -1; -1; 0.7220458929659884; 6381; 101; -1; {}; {} ;0.0045087486171244695
0.05; 0.95; 0.01; -1; -1; 0.705779960243093; 7958; 107; -1; {}; {} ;0.01175718410577098
0.05; 0.95; 0.01; -1; -1; 0.7113444067164528; 10016; 102; -1; {}; {} ;0.006192737632411127
0.05; 0.95; 0.01; -1; -1; 0.7118836850248346; 8262; 101; -1; {}; {} ;0.005653459324029386
0.05; 0.95; 0.01; -1; -1; 0.7262807745068615; 5895; 100; -1; {}; {} ;0.008743630157997506
0.05; 0.95; 0.01; -1; -1; 0.7304018115731278; 8676; 100; -1; {}; {} ;0.012864667224263826
0.05; 0.95; 0.01; -1; -1; 0.709380710554161; 5988; 106; -1; {}; {} ;0.008156433794702989
0.05; 0.95; 0.01; -1; -1; 0.719416014214871; 6815; 104; -1; {}; {} ;0.001878869866007049
0.05; 0.95; 0.01; -1; -1; 0.757508573638457; 8439; 102; -1; {}; {} ;0.039971429289593075
0.05; 0.95; 0.05; -1; -1; 0.7039474123065808; 7993; 75; -1; {}; {} ;0.013589732042283198
0.05; 0.95; 0.05; -1; -1; 0.7685970958752019; 2435; 75; -1; {}; {} ;0.05105995152633791
0.05; 0.95; 0.05; -1; -1; 0.7052816927622378; 5810; 78; -1; {}; {} ;0.01225545158662611
0.05; 0.95; 0.05; -1; -1; 0.7181312490921018; 6278; 78; -1; {}; {} ;5.941047432378443E-4
0.05; 0.95; 0.05; -1; -1; 0.7351352655381221; 2683; 78; -1; {}; {} ;0.017598121189258187
0.05; 0.95; 0.05; -1; -1; 0.7237284541512765; 10362; 79; -1; {}; {} ;0.006191309802412559
0.05; 0.95; 0.05; -1; -1; 0.7464320059241671; 4733; 75; -1; {}; {} ;0.028894861575303188
0.05; 0.95; 0.05; -1; -1; 0.7616316094002038; 2350; 80; -1; {}; {} ;0.04409446505133985
0.05; 0.95; 0.05; -1; -1; 0.6789984944820463; 10215; 78; -1; {}; {} ;0.038538649866817654
0.05; 0.95; 0.05; -1; -1; 0.7463483621189799; 3548; 78; -1; {}; {} ;0.02881121777011597
0.05; 0.95; 0.1; -1; -1; 0.7132619716397597; 7556; 77; -1; {}; {} ;0.004275172709104269
0.05; 0.95; 0.1; -1; -1; 0.7394952525303643; 3684; 75; -1; {}; {} ;0.021958108181500346
0.05; 0.95; 0.1; -1; -1; 0.6926160002488131; 5550; 76; -1; {}; {} ;0.024921144100050863
0.05; 0.95; 0.1; -1; -1; 0.716037089986841; 2772; 75; -1; {}; {} ;0.00150005436202294
0.05; 0.95; 0.1; -1; -1; 0.6945801986413558; 6588; 75; -1; {}; {} ;0.02295694570750817
0.05; 0.95; 0.1; -1; -1; 0.72991970440101; 5739; 75; -1; {}; {} ;0.012382560052145997
0.05; 0.95; 0.1; -1; -1; 0.7384564871574094; 6341; 77; -1; {}; {} ;0.02091934280854546
0.05; 0.95; 0.1; -1; -1; 0.763496980662056; 2759; 75; -1; {}; {} ;0.045959836313192004
0.05; 0.95; 0.1; -1; -1; 0.7483110301992898; 5557; 76; -1; {}; {} ;0.03077388585042584
0.05; 0.95; 0.1; -1; -1; 0.7468545754440282; 3279; 75; -1; {}; {} ;0.02931743109516427
0.05; 0.99; 0.01; -1; -1; 0.7273738181390909; 15826; 149; -1; {}; {} ;0.009836673790226902
0.05; 0.99; 0.01; -1; -1; 0.7167229951452037; 10775; 152; -1; {}; {} ;8.141492036602971E-4
0.05; 0.99; 0.01; -1; -1; 0.735851214676898; 9882; 154; -1; {}; {} ;0.018314070328034004
0.05; 0.99; 0.01; -1; -1; 0.7153356582518874; 9149; 147; -1; {}; {} ;0.002201486096976568
0.05; 0.99; 0.01; -1; -1; 0.7519267771111253; 9323; 155; -1; {}; {} ;0.03438963276226137
0.05; 0.99; 0.01; -1; -1; 0.7226819871890644; 27985; 153; -1; {}; {} ;0.005144842840200448
0.05; 0.99; 0.01; -1; -1; 0.7191416001269035; 10514; 159; -1; {}; {} ;0.0016044557780395818
0.05; 0.99; 0.01; -1; -1; 0.7039932491570069; 6496; 158; -1; {}; {} ;0.013543895191857058
0.05; 0.99; 0.01; -1; -1; 0.7359295321631042; 16151; 152; -1; {}; {} ;0.01839238781424024
0.05; 0.99; 0.01; -1; -1; 0.738347506983904; 14447; 151; -1; {}; {} ;0.02081036263503999
0.05; 0.99; 0.05; -1; -1; 0.716480082226596; 6688; 133; -1; {}; {} ;0.001057062122267971
0.05; 0.99; 0.05; -1; -1; 0.6688923932433234; 17696; 129; -1; {}; {} ;0.04864475110554056
0.05; 0.99; 0.05; -1; -1; 0.7163218439484291; 6588; 133; -1; {}; {} ;0.0012153004004348267
0.05; 0.99; 0.05; -1; -1; 0.7169786364462472; 11720; 131; -1; {}; {} ;5.585079026168005E-4
0.05; 0.99; 0.05; -1; -1; 0.6949466956054331; 8729; 129; -1; {}; {} ;0.022590448743430858
0.05; 0.99; 0.05; -1; -1; 0.6922694800810313; 11717; 131; -1; {}; {} ;0.025267664267832668
0.05; 0.99; 0.05; -1; -1; 0.7135249986899586; 11652; 130; -1; {}; {} ;0.004012145658905397
0.05; 0.99; 0.05; -1; -1; 0.7304880009497376; 5434; 135; -1; {}; {} ;0.012950856600873695
0.05; 0.99; 0.05; -1; -1; 0.6925924774122156; 13569; 131; -1; {}; {} ;0.02494466693664832
0.05; 0.99; 0.05; -1; -1; 0.7220895186568888; 8264; 132; -1; {}; {} ;0.004552374308024798
0.05; 0.99; 0.1; -1; -1; 0.7012077842525001; 7566; 128; -1; {}; {} ;0.016329360096363876
0.05; 0.99; 0.1; -1; -1; 0.689114282965348; 12857; 129; -1; {}; {} ;0.028422861383515907
0.05; 0.99; 0.1; -1; -1; 0.7127011376794324; 7191; 129; -1; {}; {} ;0.004836006669431514
0.05; 0.99; 0.1; -1; -1; 0.7113450099588057; 8965; 129; -1; {}; {} ;0.006192134390058279
0.05; 0.99; 0.1; -1; -1; 0.7128617312492866; 9301; 128; -1; {}; {} ;0.004675413099577308
0.05; 0.99; 0.1; -1; -1; 0.7364592021943509; 6029; 128; -1; {}; {} ;0.01892205784548695
0.05; 0.99; 0.1; -1; -1; 0.7409328273531023; 4903; 129; -1; {}; {} ;0.023395683004238332
0.05; 0.99; 0.1; -1; -1; 0.7159060888919669; 13240; 130; -1; {}; {} ;0.0016310554568970126
0.05; 0.99; 0.1; -1; -1; 0.7316140260446082; 8978; 128; -1; {}; {} ;0.014076881695744281
0.05; 0.99; 0.1; -1; -1; 0.7189546804246176; 4251; 128; -1; {}; {} ;0.0014175360757536781
0.1; 0.9; 0.01; -1; -1; 0.6946142632656616; 7283; 42; -1; {}; {} ;0.022922881083202395
0.1; 0.9; 0.01; -1; -1; 0.7463793819988457; 3949; 58; -1; {}; {} ;0.028842237649981728
0.1; 0.9; 0.01; -1; -1; 0.7368159605347154; 3390; 48; -1; {}; {} ;0.019278816185851477
0.1; 0.9; 0.01; -1; -1; 0.701413459838924; 5342; 52; -1; {}; {} ;0.01612368450993995
0.1; 0.9; 0.01; -1; -1; 0.6983470211687473; 5544; 59; -1; {}; {} ;0.019190123180116703
0.1; 0.9; 0.01; -1; -1; 0.6934494646110119; 2491; 51; -1; {}; {} ;0.024087679737852086
0.1; 0.9; 0.01; -1; -1; 0.7158726135791746; 2828; 45; -1; {}; {} ;0.0016645307696893097
0.1; 0.9; 0.01; -1; -1; 0.6848614992968549; 3544; 56; -1; {}; {} ;0.03267564505200904
0.1; 0.9; 0.01; -1; -1; 0.7076734274293308; 21555; 52; -1; {}; {} ;0.009863716919533139
0.1; 0.9; 0.01; -1; -1; 0.7250712667544824; 1902; 54; -1; {}; {} ;0.00753412240561846
0.1; 0.9; 0.05; -1; -1; 0.7244615696896649; 1954; 28; -1; {}; {} ;0.006924425340800955
0.1; 0.9; 0.05; -1; -1; 0.7183531035627194; 826; 29; -1; {}; {} ;8.159592138554661E-4
0.1; 0.9; 0.05; -1; -1; 0.7552882251577118; 954; 30; -1; {}; {} ;0.037751080808847814
0.1; 0.9; 0.05; -1; -1; 0.8114774841914291; 467; 30; -1; {}; {} ;0.09394033984256511
0.1; 0.9; 0.05; -1; -1; 0.7340068563177125; 904; 30; -1; {}; {} ;0.0164697119688485
0.1; 0.9; 0.05; -1; -1; 0.6806759060450298; 2338; 31; -1; {}; {} ;0.03686123830383414
0.1; 0.9; 0.05; -1; -1; 0.7378742318025383; 1375; 30; -1; {}; {} ;0.020337087453674352
0.1; 0.9; 0.05; -1; -1; 0.7296816202062125; 1733; 30; -1; {}; {} ;0.012144475857348569
0.1; 0.9; 0.05; -1; -1; 0.7285498753663778; 1129; 30; -1; {}; {} ;0.011012731017513877
0.1; 0.9; 0.05; -1; -1; 0.7250306931986247; 1890; 30; -1; {}; {} ;0.007493548849760723
0.1; 0.9; 0.1; -1; -1; 0.6734242832521319; 1528; 26; -1; {}; {} ;0.04411286109673207
0.1; 0.9; 0.1; -1; -1; 0.7501695003078465; 1791; 27; -1; {}; {} ;0.032632355958982506
0.1; 0.9; 0.1; -1; -1; 0.7351681929196935; 1931; 27; -1; {}; {} ;0.017631048570829533
0.1; 0.9; 0.1; -1; -1; 0.7373480193294115; 1485; 26; -1; {}; {} ;0.019810874980547566
0.1; 0.9; 0.1; -1; -1; 0.7303604976612925; 3513; 28; -1; {}; {} ;0.012823353312428565
0.1; 0.9; 0.1; -1; -1; 0.7401743381359367; 1168; 26; -1; {}; {} ;0.02263719378707274
0.1; 0.9; 0.1; -1; -1; 0.7096416684451619; 1942; 26; -1; {}; {} ;0.007895475903702098
0.1; 0.9; 0.1; -1; -1; 0.7603621738320611; 688; 27; -1; {}; {} ;0.04282502948319711
0.1; 0.9; 0.1; -1; -1; 0.702901252158167; 1545; 27; -1; {}; {} ;0.014635892190696942
0.1; 0.9; 0.1; -1; -1; 0.6694997017553028; 919; 27; -1; {}; {} ;0.04803744259356113
0.1; 0.95; 0.01; -1; -1; 0.733903354020088; 3152; 62; -1; {}; {} ;0.01636620967122404
0.1; 0.95; 0.01; -1; -1; 0.7439730282536604; 3662; 59; -1; {}; {} ;0.026435883904796453
0.1; 0.95; 0.01; -1; -1; 0.6707103661299507; 8649; 65; -1; {}; {} ;0.046826778218913234
0.1; 0.95; 0.01; -1; -1; 0.7358736618765884; 3566; 61; -1; {}; {} ;0.018336517527724472
0.1; 0.95; 0.01; -1; -1; 0.7219050178575858; 3835; 67; -1; {}; {} ;0.004367873508721809
0.1; 0.95; 0.01; -1; -1; 0.7065857520481628; 5259; 66; -1; {}; {} ;0.01095139230070119
0.1; 0.95; 0.01; -1; -1; 0.7081298369019178; 4333; 66; -1; {}; {} ;0.009407307446946178
0.1; 0.95; 0.01; -1; -1; 0.7210991133142073; 3032; 60; -1; {}; {} ;0.0035619689653433317
0.1; 0.95; 0.01; -1; -1; 0.735673943592303; 3690; 61; -1; {}; {} ;0.018136799243439028
0.1; 0.95; 0.01; -1; -1; 0.7419010102629892; 4162; 61; -1; {}; {} ;0.024363865914125205
0.1; 0.95; 0.05; -1; -1; 0.6809402747090079; 3619; 40; -1; {}; {} ;0.03659686963985609
0.1; 0.95; 0.05; -1; -1; 0.6857594737279604; 1643; 36; -1; {}; {} ;0.03177767062090353
0.1; 0.95; 0.05; -1; -1; 0.7034989349633408; 3018; 41; -1; {}; {} ;0.014038209385523137
0.1; 0.95; 0.05; -1; -1; 0.7204203480580625; 2125; 40; -1; {}; {} ;0.0028832037091985896
0.1; 0.95; 0.05; -1; -1; 0.7244873396692468; 1667; 38; -1; {}; {} ;0.006950195320382879
0.1; 0.95; 0.05; -1; -1; 0.7403534287787186; 1323; 40; -1; {}; {} ;0.022816284429854616
0.1; 0.95; 0.05; -1; -1; 0.7001062872210749; 1956; 41; -1; {}; {} ;0.017430857127789023
0.1; 0.95; 0.05; -1; -1; 0.7294459619981669; 3542; 41; -1; {}; {} ;0.01190881764930296
0.1; 0.95; 0.05; -1; -1; 0.7114373694651992; 2660; 40; -1; {}; {} ;0.006099774883664755
0.1; 0.95; 0.05; -1; -1; 0.7034132837369226; 2234; 36; -1; {}; {} ;0.014123860611941375
0.1; 0.95; 0.1; -1; -1; 0.7564296140570196; 1012; 37; -1; {}; {} ;0.03889246970815563
0.1; 0.95; 0.1; -1; -1; 0.6913952549871575; 6050; 38; -1; {}; {} ;0.026141889361706472
0.1; 0.95; 0.1; -1; -1; 0.6837759291727544; 3230; 37; -1; {}; {} ;0.03376121517610953
0.1; 0.95; 0.1; -1; -1; 0.7389434668699061; 1170; 37; -1; {}; {} ;0.02140632252104213
0.1; 0.95; 0.1; -1; -1; 0.7312150959541277; 1978; 37; -1; {}; {} ;0.01367795160526375
0.1; 0.95; 0.1; -1; -1; 0.7567475473744096; 3488; 38; -1; {}; {} ;0.03921040302554568
0.1; 0.95; 0.1; -1; -1; 0.7167153533849249; 1767; 38; -1; {}; {} ;8.217909639390841E-4
0.1; 0.95; 0.1; -1; -1; 0.7411380619666361; 2117; 37; -1; {}; {} ;0.023600917617772166
0.1; 0.95; 0.1; -1; -1; 0.6713113909747974; 7033; 39; -1; {}; {} ;0.046225753374066536
0.1; 0.95; 0.1; -1; -1; 0.7245717708682583; 2041; 36; -1; {}; {} ;0.007034626519394349
0.1; 0.99; 0.01; -1; -1; 0.7313686086138128; 15808; 82; -1; {}; {} ;0.013831464264948856
0.1; 0.99; 0.01; -1; -1; 0.7620893358537058; 4629; 81; -1; {}; {} ;0.0445521915048418
0.1; 0.99; 0.01; -1; -1; 0.6729759530369738; 6451; 91; -1; {}; {} ;0.04456119131189018
0.1; 0.99; 0.01; -1; -1; 0.6912667495731962; 6649; 90; -1; {}; {} ;0.026270394775667727
0.1; 0.99; 0.01; -1; -1; 0.711236131583654; 8145; 89; -1; {}; {} ;0.006301012765210001
0.1; 0.99; 0.01; -1; -1; 0.7161394479543586; 3769; 86; -1; {}; {} ;0.0013976963945053766
0.1; 0.99; 0.01; -1; -1; 0.7185322237809869; 7301; 83; -1; {}; {} ;9.950794321229584E-4
0.1; 0.99; 0.01; -1; -1; 0.7174727954254776; 5490; 85; -1; {}; {} ;6.434892338635922E-5
0.1; 0.99; 0.01; -1; -1; 0.6866118952674174; 16615; 87; -1; {}; {} ;0.03092524908144656
0.1; 0.99; 0.01; -1; -1; 0.7203952427512053; 4807; 84; -1; {}; {} ;0.0028580984023413025
0.1; 0.99; 0.05; -1; -1; 0.705095171541206; 2965; 65; -1; {}; {} ;0.012441972807657908
0.1; 0.99; 0.05; -1; -1; 0.7678862121227915; 7373; 66; -1; {}; {} ;0.05034906777392756
0.1; 0.99; 0.05; -1; -1; 0.7421851319548568; 2334; 63; -1; {}; {} ;0.02464798760599285
0.1; 0.99; 0.05; -1; -1; 0.7177640393783938; 5213; 66; -1; {}; {} ;2.2689502952988327E-4
0.1; 0.99; 0.05; -1; -1; 0.7104336678068055; 7816; 66; -1; {}; {} ;0.007103476542058451
0.1; 0.99; 0.05; -1; -1; 0.6717411911515162; 3220; 64; -1; {}; {} ;0.04579595319734775
0.1; 0.99; 0.05; -1; -1; 0.6972767255984272; 5222; 67; -1; {}; {} ;0.020260418750436715
0.1; 0.99; 0.05; -1; -1; 0.7090879537095784; 3559; 63; -1; {}; {} ;0.008449190639285509
0.1; 0.99; 0.05; -1; -1; 0.7222846705504559; 4985; 63; -1; {}; {} ;0.004747526201591912
0.1; 0.99; 0.05; -1; -1; 0.6958142676310183; 4975; 63; -1; {}; {} ;0.021722876717845674
0.1; 0.99; 0.1; -1; -1; 0.6788253314844342; 2850; 61; -1; {}; {} ;0.03871181286442971
0.1; 0.99; 0.1; -1; -1; 0.6847289071931817; 5253; 62; -1; {}; {} ;0.03280823715568226
0.1; 0.99; 0.1; -1; -1; 0.7685027863302945; 2674; 62; -1; {}; {} ;0.0509656419814305
0.1; 0.99; 0.1; -1; -1; 0.6955136065791422; 4118; 62; -1; {}; {} ;0.022023537769721768
0.1; 0.99; 0.1; -1; -1; 0.7176134332743044; 7622; 62; -1; {}; {} ;7.628892544042642E-5
0.1; 0.99; 0.1; -1; -1; 0.7457836551372691; 3870; 61; -1; {}; {} ;0.02824651078840512
0.1; 0.99; 0.1; -1; -1; 0.703125597795408; 3475; 62; -1; {}; {} ;0.014411546553456
0.1; 0.99; 0.1; -1; -1; 0.7155119046879429; 6499; 63; -1; {}; {} ;0.002025239660921052
0.1; 0.99; 0.1; -1; -1; 0.6851800877115658; 3237; 62; -1; {}; {} ;0.032357056637298154
0.1; 0.99; 0.1; -1; -1; 0.7197903631893612; 5884; 63; -1; {}; {} ;0.0022532188404972286
