delta; alpha; epsilon; k; initSize; fitness; time; logSize; totalNoAsynchMoves; asynchMovesAbs; asynchMovesRel; distToOriginal
0.01; 0.9; 0.01; 0.8; 20; 0.8084169577832624; 43883; 286; -1; {}; {} ;0.0012172231077826057
0.01; 0.9; 0.01; 0.8; 20; 0.8024611743713445; 39169; 284; -1; {}; {} ;0.007173006519700542
0.01; 0.9; 0.01; 0.8; 20; 0.8156031550229121; 51884; 297; -1; {}; {} ;0.005968974131867144
0.01; 0.9; 0.01; 0.8; 20; 0.8111393146927564; 47381; 288; -1; {}; {} ;0.0015051338017113558
0.01; 0.9; 0.01; 0.8; 20; 0.8140477549574465; 61130; 304; -1; {}; {} ;0.004413574066401527
0.01; 0.9; 0.01; 0.8; 20; 0.8205536125365733; 338395; 292; -1; {}; {} ;0.010919431645528332
0.01; 0.9; 0.01; 0.8; 20; 0.8299084616686822; 30615; 290; -1; {}; {} ;0.020274280777637155
0.01; 0.9; 0.01; 0.8; 20; 0.8221601157184385; 49982; 288; -1; {}; {} ;0.012525934827393503
0.01; 0.9; 0.01; 0.8; 20; 0.8204823662701062; 31201; 308; -1; {}; {} ;0.010848185379061182
0.01; 0.9; 0.01; 0.8; 20; 0.8223375110975766; 73602; 285; -1; {}; {} ;0.012703330206531582
0.01; 0.9; 0.05; 0.8; 20; 0.8025521156375024; 854446; 271; -1; {}; {} ;0.007082065253542602
0.01; 0.9; 0.05; 0.8; 20; 0.7940693622397873; 59839; 274; -1; {}; {} ;0.015564818651257695
0.01; 0.9; 0.05; 0.8; 20; 0.8058061982419081; 110693; 270; -1; {}; {} ;0.003827982649136863
0.01; 0.9; 0.05; 0.8; 20; 0.8150763156993458; 52779; 274; -1; {}; {} ;0.0054421348083008025
0.01; 0.9; 0.05; 0.8; 20; 0.8061157944518442; 105382; 273; -1; {}; {} ;0.0035183864392007713
0.01; 0.9; 0.05; 0.8; 20; 0.797719573347755; 40401; 271; -1; {}; {} ;0.01191460754328999
0.01; 0.9; 0.05; 0.8; 20; 0.8107698870140032; 121835; 272; -1; {}; {} ;0.0011357061229582133
0.01; 0.9; 0.05; 0.8; 20; 0.8104800560559482; 89807; 270; -1; {}; {} ;8.458751649031981E-4
0.01; 0.9; 0.05; 0.8; 20; 0.8063138136376881; 242396; 273; -1; {}; {} ;0.0033203672533569373
0.01; 0.9; 0.05; 0.8; 20; 0.8078045416847112; 874847; 275; -1; {}; {} ;0.001829639206333833
0.01; 0.9; 0.1; 0.8; 20; 0.8190114230941472; 127097; 270; -1; {}; {} ;0.00937724220310221
0.01; 0.9; 0.1; 0.8; 20; 0.7855816757312858; 39465; 269; -1; {}; {} ;0.024052505159759208
0.01; 0.9; 0.1; 0.8; 20; 0.8130805927716521; 88759; 270; -1; {}; {} ;0.0034464118806071253
0.01; 0.9; 0.1; 0.8; 20; 0.7939943512056928; 54255; 270; -1; {}; {} ;0.015639829685352158
0.01; 0.9; 0.1; 0.8; 20; 0.8058009634164732; 111528; 269; -1; {}; {} ;0.0038332174745717706
0.01; 0.9; 0.1; 0.8; 20; 0.8143123050463166; 77694; 269; -1; {}; {} ;0.004678124155271579
0.01; 0.9; 0.1; 0.8; 20; 0.8079555500714015; 81576; 269; -1; {}; {} ;0.0016786308196434785
0.01; 0.9; 0.1; 0.8; 20; 0.8231234168518174; 19066; 269; -1; {}; {} ;0.01348923596077245
0.01; 0.9; 0.1; 0.8; 20; 0.791097801080852; 1300950; 270; -1; {}; {} ;0.01853637981019296
0.01; 0.9; 0.1; 0.8; 20; 0.8078983129853443; 262783; 269; -1; {}; {} ;0.0017358679057006832
0.01; 0.95; 0.01; 0.8; 20; 0.7953362380628328; 324948; 418; -1; {}; {} ;0.014297942828212173
0.01; 0.95; 0.01; 0.8; 20; 0.8070791881696245; 81586; 401; -1; {}; {} ;0.002554992721420457
0.01; 0.95; 0.01; 0.8; 20; 0.8130749095344458; 90519; 416; -1; {}; {} ;0.0034407286434008366
0.01; 0.95; 0.01; 0.8; 20; 0.8142970387763295; 115998; 396; -1; {}; {} ;0.004662857885284533
0.01; 0.95; 0.01; 0.8; 20; 0.7959226678635615; 314363; 404; -1; {}; {} ;0.013711513027483524
0.01; 0.95; 0.01; 0.8; 20; 0.8058287126234085; 105073; 403; -1; {}; {} ;0.0038054682676365026
0.01; 0.95; 0.01; 0.8; 20; 0.7944063359894816; 73579; 397; -1; {}; {} ;0.01522784490156337
0.01; 0.95; 0.01; 0.8; 20; 0.8074373864527455; 193498; 404; -1; {}; {} ;0.002196794438299454
0.01; 0.95; 0.01; 0.8; 20; 0.8063402636435398; 95765; 399; -1; {}; {} ;0.0032939172475051626
0.01; 0.95; 0.01; 0.8; 20; 0.8188279059871525; 106687; 409; -1; {}; {} ;0.009193725096107497
0.01; 0.95; 0.05; 0.8; 20; 0.8143382663536363; 86819; 386; -1; {}; {} ;0.004704085462591268
0.01; 0.95; 0.05; 0.8; 20; 0.8062917826949973; 1002943; 387; -1; {}; {} ;0.0033423981960476468
0.01; 0.95; 0.05; 0.8; 20; 0.8032855723361471; 104622; 385; -1; {}; {} ;0.006348608554897939
0.01; 0.95; 0.05; 0.8; 20; 0.8028622617778518; 142326; 382; -1; {}; {} ;0.006771919113193192
0.01; 0.95; 0.05; 0.8; 20; 0.7989070662265366; 90962; 386; -1; {}; {} ;0.010727114664508375
0.01; 0.95; 0.05; 0.8; 20; 0.7995003531276484; 68389; 385; -1; {}; {} ;0.010133827763396552
0.01; 0.95; 0.05; 0.8; 20; 0.8155307960930728; 365002; 383; -1; {}; {} ;0.005896615202027777
0.01; 0.95; 0.05; 0.8; 20; 0.8055764299955208; 295412; 383; -1; {}; {} ;0.0040577508955241814
0.01; 0.95; 0.05; 0.8; 20; 0.8073590972838073; 250243; 384; -1; {}; {} ;0.0022750836072377156
0.01; 0.95; 0.05; 0.8; 20; 0.8028715991102912; 74164; 387; -1; {}; {} ;0.00676258178075384
0.01; 0.95; 0.1; 0.8; 20; 0.8068918233728669; 162625; 383; -1; {}; {} ;0.0027423575181780846
0.01; 0.95; 0.1; 0.8; 20; 0.8112032414091551; 81385; 383; -1; {}; {} ;0.0015690605181101214
0.01; 0.95; 0.1; 0.8; 20; 0.7969547513053797; 473339; 384; -1; {}; {} ;0.012679429585665258
0.01; 0.95; 0.1; 0.8; 20; 0.802222952438123; 75815; 383; -1; {}; {} ;0.00741122845292197
0.01; 0.95; 0.1; 0.8; 20; 0.8100606153703582; 225978; 382; -1; {}; {} ;4.264344793132313E-4
0.01; 0.95; 0.1; 0.8; 20; 0.7920664441669601; 90523; 382; -1; {}; {} ;0.017567736724084848
0.01; 0.95; 0.1; 0.8; 20; 0.8063292418594642; 137790; 383; -1; {}; {} ;0.0033049390315808003
0.01; 0.95; 0.1; 0.8; 20; 0.8025582420650949; 130840; 383; -1; {}; {} ;0.0070759388259501454
0.01; 0.95; 0.1; 0.8; 20; 0.7982190341738854; 72638; 383; -1; {}; {} ;0.011415146717159597
0.01; 0.95; 0.1; 0.8; 20; 0.8118283558521638; 86111; 383; -1; {}; {} ;0.0021941749611188444
0.01; 0.99; 0.01; 0.8; 20; 0.8085919668117063; 256410; 677; -1; {}; {} ;0.001042214079338688
0.01; 0.99; 0.01; 0.8; 20; 0.8043791601826148; 174775; 690; -1; {}; {} ;0.0052550207084302025
0.01; 0.99; 0.01; 0.8; 20; 0.8099101855572104; 1055516; 674; -1; {}; {} ;2.76004666165397E-4
0.01; 0.99; 0.01; 0.8; 20; 0.807688309671534; 187354; 678; -1; {}; {} ;0.0019458712195109529
0.01; 0.99; 0.01; 0.8; 20; 0.816219144933697; 364245; 694; -1; {}; {} ;0.006584964042651964
0.01; 0.99; 0.01; 0.8; 20; 0.8160944755970736; 103772; 677; -1; {}; {} ;0.006460294706028602
0.01; 0.99; 0.01; 0.8; 20; 0.8083477184605118; 210404; 688; -1; {}; {} ;0.0012864624305332084
0.01; 0.99; 0.01; 0.8; 20; 0.8027228469639535; 266913; 681; -1; {}; {} ;0.006911333927091534
0.01; 0.99; 0.01; 0.8; 20; 0.8115201704062651; 134465; 680; -1; {}; {} ;0.0018859895152201211
0.01; 0.99; 0.01; 0.8; 20; 0.8087658579408962; 128420; 674; -1; {}; {} ;8.683229501488254E-4
0.01; 0.99; 0.05; 0.8; 20; 0.807665417096293; 280090; 659; -1; {}; {} ;0.001968763794751971
0.01; 0.99; 0.05; 0.8; 20; 0.8093120856672312; 191372; 661; -1; {}; {} ;3.2209522381376754E-4
0.01; 0.99; 0.05; 0.8; 20; 0.8097538515914257; 270599; 661; -1; {}; {} ;1.1967070038065852E-4
0.01; 0.99; 0.05; 0.8; 20; 0.808992947633741; 107568; 658; -1; {}; {} ;6.412332573040302E-4
0.01; 0.99; 0.05; 0.8; 20; 0.814067654865436; 172753; 662; -1; {}; {} ;0.004433473974390978
0.01; 0.99; 0.05; 0.8; 20; 0.8189132971309269; 177182; 660; -1; {}; {} ;0.009279116239881868
0.01; 0.99; 0.05; 0.8; 20; 0.8115712856048825; 499780; 659; -1; {}; {} ;0.0019371047138374564
0.01; 0.99; 0.05; 0.8; 20; 0.8011726279353444; 925184; 658; -1; {}; {} ;0.008461552955700613
0.01; 0.99; 0.05; 0.8; 20; 0.8079912733949236; 586973; 659; -1; {}; {} ;0.001642907496121393
0.01; 0.99; 0.05; 0.8; 20; 0.8085436729571611; 361171; 660; -1; {}; {} ;0.0010905079338838775
0.01; 0.99; 0.1; 0.8; 20; 0.8135545825243097; 221686; 658; -1; {}; {} ;0.003920401633264681
0.01; 0.99; 0.1; 0.8; 20; 0.8174743751672688; 181118; 659; -1; {}; {} ;0.007840194276223844
0.01; 0.99; 0.1; 0.8; 20; 0.8153693337693192; 464715; 658; -1; {}; {} ;0.005735152878274197
0.01; 0.99; 0.1; 0.8; 20; 0.8162864282648121; 174017; 658; -1; {}; {} ;0.006652247373767128
0.01; 0.99; 0.1; 0.8; 20; 0.8100736583936782; 124671; 659; -1; {}; {} ;4.3947750263317875E-4
0.01; 0.99; 0.1; 0.8; 20; 0.8003702791419722; 183255; 658; -1; {}; {} ;0.009263901749072767
0.01; 0.99; 0.1; 0.8; 20; 0.8143314375404079; 212861; 659; -1; {}; {} ;0.004697256649362935
0.01; 0.99; 0.1; 0.8; 20; 0.8087091493607805; 1135998; 659; -1; {}; {} ;9.25031530264464E-4
0.01; 0.99; 0.1; 0.8; 20; 0.8049160093529142; 235657; 660; -1; {}; {} ;0.004718171538130811
0.01; 0.99; 0.1; 0.8; 20; 0.8125653706109497; 241569; 659; -1; {}; {} ;0.002931189719904692
0.05; 0.9; 0.01; 0.8; 20; 0.8160726224154541; 26188; 74; -1; {}; {} ;0.006438441524409089
0.05; 0.9; 0.01; 0.8; 20; 0.8170468376974441; 7466; 73; -1; {}; {} ;0.007412656806399132
0.05; 0.9; 0.01; 0.8; 20; 0.7956608970156543; 12948; 69; -1; {}; {} ;0.013973283875390652
0.05; 0.9; 0.01; 0.8; 20; 0.836882490337192; 9636; 71; -1; {}; {} ;0.02724830944614698
0.05; 0.9; 0.01; 0.8; 20; 0.8332318218653627; 7845; 71; -1; {}; {} ;0.023597640974317713
0.05; 0.9; 0.01; 0.8; 20; 0.8109111857327428; 7584; 73; -1; {}; {} ;0.001277004841697793
0.05; 0.9; 0.01; 0.8; 20; 0.8058810588181088; 14521; 109; -1; {}; {} ;0.0037531220729362103
0.05; 0.9; 0.01; 0.8; 20; 0.8088187006220412; 14435; 71; -1; {}; {} ;8.154802690037988E-4
0.05; 0.9; 0.01; 0.8; 20; 0.787258603260156; 99093; 72; -1; {}; {} ;0.022375577630889043
0.05; 0.9; 0.01; 0.8; 20; 0.8122847179080561; 10355; 86; -1; {}; {} ;0.002650537017011123
0.05; 0.9; 0.05; 0.8; 20; 0.817325754465044; 5969; 53; -1; {}; {} ;0.007691573573998967
0.05; 0.9; 0.05; 0.8; 20; 0.8445517140066361; 8894; 56; -1; {}; {} ;0.03491753311559109
0.05; 0.9; 0.05; 0.8; 20; 0.8115765904775193; 5002; 60; -1; {}; {} ;0.0019424095864742918
0.05; 0.9; 0.05; 0.8; 20; 0.8218102610924298; 4948; 56; -1; {}; {} ;0.012176080201384831
0.05; 0.9; 0.05; 0.8; 20; 0.8213125997095889; 6667; 55; -1; {}; {} ;0.011678418818543923
0.05; 0.9; 0.05; 0.8; 20; 0.7955893323544059; 9946; 54; -1; {}; {} ;0.01404484853663912
0.05; 0.9; 0.05; 0.8; 20; 0.8007362418853793; 12743; 57; -1; {}; {} ;0.008897939005665711
0.05; 0.9; 0.05; 0.8; 20; 0.782533540996952; 20729; 55; -1; {}; {} ;0.02710063989409295
0.05; 0.9; 0.05; 0.8; 20; 0.8417269376895039; 1869; 55; -1; {}; {} ;0.03209275679845891
0.05; 0.9; 0.05; 0.8; 20; 0.8150089277531672; 50341; 58; -1; {}; {} ;0.005374746862122248
0.05; 0.9; 0.1; 0.8; 20; 0.7998667079200903; 27588; 53; -1; {}; {} ;0.009767472970954705
0.05; 0.9; 0.1; 0.8; 20; 0.8261355779339968; 6039; 55; -1; {}; {} ;0.016501397042951838
0.05; 0.9; 0.1; 0.8; 20; 0.7883504657696265; 3758; 54; -1; {}; {} ;0.021283715121418467
0.05; 0.9; 0.1; 0.8; 20; 0.8043438864247857; 8351; 53; -1; {}; {} ;0.005290294466259282
0.05; 0.9; 0.1; 0.8; 20; 0.8014935934542171; 21647; 53; -1; {}; {} ;0.008140587436827884
0.05; 0.9; 0.1; 0.8; 20; 0.8360529955096949; 66404; 54; -1; {}; {} ;0.026418814618649922
0.05; 0.9; 0.1; 0.8; 20; 0.8171300726561173; 4193; 53; -1; {}; {} ;0.00749589176507226
0.05; 0.9; 0.1; 0.8; 20; 0.7740288960955083; 4627; 55; -1; {}; {} ;0.03560528479553671
0.05; 0.9; 0.1; 0.8; 20; 0.7747724771201647; 31338; 54; -1; {}; {} ;0.03486170377088027
0.05; 0.9; 0.1; 0.8; 20; 0.8458642675872069; 26252; 53; -1; {}; {} ;0.0362300866961619
0.05; 0.95; 0.01; 0.8; 20; 0.8427882120311309; 4056; 93; -1; {}; {} ;0.03315403114008586
0.05; 0.95; 0.01; 0.8; 20; 0.7970248470063708; 549704; 95; -1; {}; {} ;0.012609333884674223
0.05; 0.95; 0.01; 0.8; 20; 0.8002729569500748; 30004; 94; -1; {}; {} ;0.009361223940970165
0.05; 0.95; 0.01; 0.8; 20; 0.8020605317898377; 13876; 104; -1; {}; {} ;0.00757364910120728
0.05; 0.95; 0.01; 0.8; 20; 0.8117544062223844; 440177; 98; -1; {}; {} ;0.002120225331339376
0.05; 0.95; 0.01; 0.8; 20; 0.8013283009962039; 21125; 96; -1; {}; {} ;0.008305879894841106
0.05; 0.95; 0.01; 0.8; 20; 0.8340024975365048; 12453; 96; -1; {}; {} ;0.024368316645459798
0.05; 0.95; 0.01; 0.8; 20; 0.7798129560741036; 42810; 108; -1; {}; {} ;0.029821224816941383
0.05; 0.95; 0.01; 0.8; 20; 0.7874037612242278; 91591; 103; -1; {}; {} ;0.02223041966681716
0.05; 0.95; 0.01; 0.8; 20; 0.8084958205525653; 16768; 97; -1; {}; {} ;0.0011383603384796936
0.05; 0.95; 0.05; 0.8; 20; 0.8012501190002921; 31450; 76; -1; {}; {} ;0.008384061890752914
0.05; 0.95; 0.05; 0.8; 20; 0.8288984861761695; 42065; 77; -1; {}; {} ;0.01926430528512446
0.05; 0.95; 0.05; 0.8; 20; 0.8178465065989038; 13581; 77; -1; {}; {} ;0.008212325707858792
0.05; 0.95; 0.05; 0.8; 20; 0.8132697007625941; 19543; 80; -1; {}; {} ;0.0036355198715490866
0.05; 0.95; 0.05; 0.8; 20; 0.82910560858978; 19561; 74; -1; {}; {} ;0.019471427698735
0.05; 0.95; 0.05; 0.8; 20; 0.8225607792626186; 5908; 75; -1; {}; {} ;0.012926598371573617
0.05; 0.95; 0.05; 0.8; 20; 0.8166867742218219; 3904; 77; -1; {}; {} ;0.007052593330776902
0.05; 0.95; 0.05; 0.8; 20; 0.8266606697438227; 4669; 76; -1; {}; {} ;0.017026488852777688
0.05; 0.95; 0.05; 0.8; 20; 0.7709585118384928; 6061; 74; -1; {}; {} ;0.03867566905255215
0.05; 0.95; 0.05; 0.8; 20; 0.8068100424575051; 9904; 77; -1; {}; {} ;0.0028241384335399022
0.05; 0.95; 0.1; 0.8; 20; 0.8330762705678552; 6263; 75; -1; {}; {} ;0.023442089676810163
0.05; 0.95; 0.1; 0.8; 20; 0.8315482938014909; 8719; 75; -1; {}; {} ;0.02191411291044587
0.05; 0.95; 0.1; 0.8; 20; 0.8361643382710994; 42713; 75; -1; {}; {} ;0.026530157380054376
0.05; 0.95; 0.1; 0.8; 20; 0.7660927381662942; 30137; 74; -1; {}; {} ;0.0435414427247508
0.05; 0.95; 0.1; 0.8; 20; 0.8327458645006247; 6104; 74; -1; {}; {} ;0.023111683609579714
0.05; 0.95; 0.1; 0.8; 20; 0.8058144155013099; 9608; 74; -1; {}; {} ;0.0038197653897350525
0.05; 0.95; 0.1; 0.8; 20; 0.833535330922509; 42513; 74; -1; {}; {} ;0.02390115003146398
0.05; 0.95; 0.1; 0.8; 20; 0.8173912759312298; 18651; 74; -1; {}; {} ;0.007757095040184847
0.05; 0.95; 0.1; 0.8; 20; 0.7806295456031086; 36073; 75; -1; {}; {} ;0.029004635287936398
0.05; 0.95; 0.1; 0.8; 20; 0.8291003510953199; 4552; 74; -1; {}; {} ;0.01946617020427488
0.05; 0.99; 0.01; 0.8; 20; 0.8234528256240271; 19782; 155; -1; {}; {} ;0.01381864473298211
0.05; 0.99; 0.01; 0.8; 20; 0.8017084218321158; 17037; 161; -1; {}; {} ;0.007925759058929227
0.05; 0.99; 0.01; 0.8; 20; 0.8057793143711872; 28274; 159; -1; {}; {} ;0.0038548665198577803
0.05; 0.99; 0.01; 0.8; 20; 0.8302657649683729; 1001558; 161; -1; {}; {} ;0.020631584077327902
0.05; 0.99; 0.01; 0.8; 20; 0.8164720672710688; 35032; 143; -1; {}; {} ;0.0068378863800238054
0.05; 0.99; 0.01; 0.8; 20; 0.8068543537725081; 74105; 144; -1; {}; {} ;0.0027798271185368595
0.05; 0.99; 0.01; 0.8; 20; 0.8202555324791845; 49893; 159; -1; {}; {} ;0.010621351588139483
0.05; 0.99; 0.01; 0.8; 20; 0.8095561622419415; 27935; 154; -1; {}; {} ;7.80186491035062E-5
0.05; 0.99; 0.01; 0.8; 20; 0.800321083504337; 52431; 144; -1; {}; {} ;0.009313097386708047
0.05; 0.99; 0.01; 0.8; 20; 0.794958650925665; 52675; 149; -1; {}; {} ;0.014675529965380019
0.05; 0.99; 0.05; 0.8; 20; 0.8215265499514631; 40543; 128; -1; {}; {} ;0.011892369060418129
0.05; 0.99; 0.05; 0.8; 20; 0.8074740852800869; 17961; 130; -1; {}; {} ;0.0021600956109580904
0.05; 0.99; 0.05; 0.8; 20; 0.7895533241976773; 21272; 132; -1; {}; {} ;0.020080856693367677
0.05; 0.99; 0.05; 0.8; 20; 0.8167848759870565; 79117; 129; -1; {}; {} ;0.007150695096011517
0.05; 0.99; 0.05; 0.8; 20; 0.8068959805956101; 13602; 128; -1; {}; {} ;0.0027382002954349227
0.05; 0.99; 0.05; 0.8; 20; 0.8225541505581845; 55034; 133; -1; {}; {} ;0.012919969667139486
0.05; 0.99; 0.05; 0.8; 20; 0.7948065998298609; 16515; 129; -1; {}; {} ;0.014827581061184092
0.05; 0.99; 0.05; 0.8; 20; 0.8133721412521117; 23108; 129; -1; {}; {} ;0.003737960361066661
0.05; 0.99; 0.05; 0.8; 20; 0.8106944146716373; 112409; 133; -1; {}; {} ;0.001060233780592279
0.05; 0.99; 0.05; 0.8; 20; 0.8120604704881002; 29700; 133; -1; {}; {} ;0.0024262895970551535
0.05; 0.99; 0.1; 0.8; 20; 0.8034738017014375; 18986; 128; -1; {}; {} ;0.0061603791896075455
0.05; 0.99; 0.1; 0.8; 20; 0.8172339294831085; 12072; 128; -1; {}; {} ;0.007599748592063471
0.05; 0.99; 0.1; 0.8; 20; 0.8058436667339001; 27574; 128; -1; {}; {} ;0.003790514157144931
0.05; 0.99; 0.1; 0.8; 20; 0.8078040290580305; 25511; 128; -1; {}; {} ;0.0018301518330144928
0.05; 0.99; 0.1; 0.8; 20; 0.7860700347668158; 55862; 128; -1; {}; {} ;0.02356414612422919
0.05; 0.99; 0.1; 0.8; 20; 0.7741412148749114; 86015; 128; -1; {}; {} ;0.03549296601613361
0.05; 0.99; 0.1; 0.8; 20; 0.7975239004713353; 27330; 128; -1; {}; {} ;0.01211028041970974
0.05; 0.99; 0.1; 0.8; 20; 0.8143727805357694; 38771; 129; -1; {}; {} ;0.0047385996447244505
0.05; 0.99; 0.1; 0.8; 20; 0.8147274330567666; 14349; 128; -1; {}; {} ;0.005093252165721651
0.05; 0.99; 0.1; 0.8; 20; 0.820285917951065; 56004; 129; -1; {}; {} ;0.010651737060019983
0.1; 0.9; 0.01; 0.8; 20; 0.8409792707672322; 2527; 43; -1; {}; {} ;0.031345089876187227
0.1; 0.9; 0.01; 0.8; 20; 0.8005278904811781; 13727; 45; -1; {}; {} ;0.00910629040986688
0.1; 0.9; 0.01; 0.8; 20; 0.8463322399234401; 2718; 41; -1; {}; {} ;0.03669805903239509
0.1; 0.9; 0.01; 0.8; 20; 0.8153799590931945; 2314; 40; -1; {}; {} ;0.0057457782021494985
0.1; 0.9; 0.01; 0.8; 20; 0.7751368572182296; 33354; 47; -1; {}; {} ;0.03449732367281544
0.1; 0.9; 0.01; 0.8; 20; 0.7997337744488646; 3214; 45; -1; {}; {} ;0.009900406442180376
0.1; 0.9; 0.01; 0.8; 20; 0.7991167352179243; 7014; 41; -1; {}; {} ;0.01051744567312074
0.1; 0.9; 0.01; 0.8; 20; 0.8251998072530483; 15698; 51; -1; {}; {} ;0.015565626362003315
0.1; 0.9; 0.01; 0.8; 20; 0.8473242352259566; 8271; 41; -1; {}; {} ;0.03769005433491157
0.1; 0.9; 0.01; 0.8; 20; 0.8345963256481617; 4123; 55; -1; {}; {} ;0.024962144757116667
0.1; 0.9; 0.05; 0.8; 20; 0.820944984917778; 1200; 29; -1; {}; {} ;0.011310804026733012
0.1; 0.9; 0.05; 0.8; 20; 0.7477619189913965; 54801; 30; -1; {}; {} ;0.06187226189964845
0.1; 0.9; 0.05; 0.8; 20; 0.827372383579261; 3077; 29; -1; {}; {} ;0.01773820268821602
0.1; 0.9; 0.05; 0.8; 20; 0.8144398576219065; 29661; 30; -1; {}; {} ;0.004805676730861519
0.1; 0.9; 0.05; 0.8; 20; 0.7671937096626165; 5422; 29; -1; {}; {} ;0.042440471228428533
0.1; 0.9; 0.05; 0.8; 20; 0.8528821494523938; 3620; 29; -1; {}; {} ;0.043247968561348826
0.1; 0.9; 0.05; 0.8; 20; 0.7795372405372406; 10215; 30; -1; {}; {} ;0.03009694035380439
0.1; 0.9; 0.05; 0.8; 20; 0.8139180994444153; 7610; 28; -1; {}; {} ;0.004283918553370292
0.1; 0.9; 0.05; 0.8; 20; 0.8101333324346818; 3753; 29; -1; {}; {} ;4.991515436367777E-4
0.1; 0.9; 0.05; 0.8; 20; 0.776558416053411; 6775; 29; -1; {}; {} ;0.03307576483763397
0.1; 0.9; 0.1; 0.8; 20; 0.7723446959023881; 3462; 26; -1; {}; {} ;0.03728948498865692
0.1; 0.9; 0.1; 0.8; 20; 0.8023997274814268; 894; 27; -1; {}; {} ;0.007234453409618147
0.1; 0.9; 0.1; 0.8; 20; 0.8319673382173384; 4528; 26; -1; {}; {} ;0.022333157326293374
0.1; 0.9; 0.1; 0.8; 20; 0.7742542869735852; 4201; 27; -1; {}; {} ;0.03537989391745977
0.1; 0.9; 0.1; 0.8; 20; 0.826351583143379; 7296; 26; -1; {}; {} ;0.01671740225233398
0.1; 0.9; 0.1; 0.8; 20; 0.8296635041976658; 6977; 28; -1; {}; {} ;0.020029323306620772
0.1; 0.9; 0.1; 0.8; 20; 0.8052826802826805; 2685; 27; -1; {}; {} ;0.0043515006083645336
0.1; 0.9; 0.1; 0.8; 20; 0.8280121022768081; 2864; 26; -1; {}; {} ;0.018377921385763107
0.1; 0.9; 0.1; 0.8; 20; 0.8545422975584919; 1320; 26; -1; {}; {} ;0.044908116667446873
0.1; 0.9; 0.1; 0.8; 20; 0.7810949421878143; 42434; 27; -1; {}; {} ;0.028539238703230718
0.1; 0.95; 0.01; 0.8; 20; 0.8100784937591697; 10205; 60; -1; {}; {} ;4.44312868124741E-4
0.1; 0.95; 0.01; 0.8; 20; 0.8053153774866381; 17348; 51; -1; {}; {} ;0.0043188034044069346
0.1; 0.95; 0.01; 0.8; 20; 0.8014281300321529; 9307; 72; -1; {}; {} ;0.008206050858892144
0.1; 0.95; 0.01; 0.8; 20; 0.8194709041520782; 10386; 52; -1; {}; {} ;0.009836723261033242
0.1; 0.95; 0.01; 0.8; 20; 0.8017990315025324; 30655; 52; -1; {}; {} ;0.007835149388512597
0.1; 0.95; 0.01; 0.8; 20; 0.8488502152588838; 8314; 63; -1; {}; {} ;0.039216034367838826
0.1; 0.95; 0.01; 0.8; 20; 0.8026948708764408; 8353; 51; -1; {}; {} ;0.006939310014604239
0.1; 0.95; 0.01; 0.8; 20; 0.8287822479383541; 3225; 56; -1; {}; {} ;0.019148067047309092
0.1; 0.95; 0.01; 0.8; 20; 0.7744099790785012; 14585; 52; -1; {}; {} ;0.03522420181254382
0.1; 0.95; 0.01; 0.8; 20; 0.7558393464326484; 9803; 61; -1; {}; {} ;0.05379483445839661
0.1; 0.95; 0.05; 0.8; 20; 0.8150442571135667; 1515; 38; -1; {}; {} ;0.005410076222521654
0.1; 0.95; 0.05; 0.8; 20; 0.8395559766084062; 5132; 36; -1; {}; {} ;0.0299217957173612
0.1; 0.95; 0.05; 0.8; 20; 0.784614690090539; 7974; 36; -1; {}; {} ;0.025019490800506028
0.1; 0.95; 0.05; 0.8; 20; 0.8439436796422091; 5783; 36; -1; {}; {} ;0.03430949875116407
0.1; 0.95; 0.05; 0.8; 20; 0.8848431894175232; 4841; 38; -1; {}; {} ;0.07520900852647816
0.1; 0.95; 0.05; 0.8; 20; 0.7639067058326727; 110489; 40; -1; {}; {} ;0.04572747505837227
0.1; 0.95; 0.05; 0.8; 20; 0.8441605972273118; 3391; 41; -1; {}; {} ;0.03452641633626685
0.1; 0.95; 0.05; 0.8; 20; 0.7819445247734721; 3428; 38; -1; {}; {} ;0.027689656117572903
0.1; 0.95; 0.05; 0.8; 20; 0.8281563359326124; 26997; 36; -1; {}; {} ;0.0185221550415674
0.1; 0.95; 0.05; 0.8; 20; 0.8018310091663969; 10533; 39; -1; {}; {} ;0.007803171724648061
0.1; 0.95; 0.1; 0.8; 20; 0.7988748266515503; 979; 36; -1; {}; {} ;0.0107593542394947
0.1; 0.95; 0.1; 0.8; 20; 0.820805909892597; 3644; 37; -1; {}; {} ;0.011171729001552055
0.1; 0.95; 0.1; 0.8; 20; 0.8302315957804962; 16758; 38; -1; {}; {} ;0.020597414889451215
0.1; 0.95; 0.1; 0.8; 20; 0.8176495801495803; 10045; 37; -1; {}; {} ;0.008015399258535338
0.1; 0.95; 0.1; 0.8; 20; 0.8052362066955778; 24562; 36; -1; {}; {} ;0.004397974195467169
0.1; 0.95; 0.1; 0.8; 20; 0.8335783881097573; 88674; 36; -1; {}; {} ;0.023944207218712266
0.1; 0.95; 0.1; 0.8; 20; 0.7898159678182786; 8592; 36; -1; {}; {} ;0.019818213072766433
0.1; 0.95; 0.1; 0.8; 20; 0.7848463537318028; 3695; 37; -1; {}; {} ;0.024787827159242215
0.1; 0.95; 0.1; 0.8; 20; 0.8096450322553264; 7774; 36; -1; {}; {} ;1.0851364281361242E-5
0.1; 0.95; 0.1; 0.8; 20; 0.815759834824583; 46714; 37; -1; {}; {} ;0.006125653933538033
0.1; 0.99; 0.01; 0.8; 20; 0.8066765096275048; 36605; 90; -1; {}; {} ;0.0029576712635401847
0.1; 0.99; 0.01; 0.8; 20; 0.7972107995535895; 20625; 79; -1; {}; {} ;0.012423381337455464
0.1; 0.99; 0.01; 0.8; 20; 0.8165496668558986; 25519; 91; -1; {}; {} ;0.006915485964853585
0.1; 0.99; 0.01; 0.8; 20; 0.7804093212125793; 14945; 81; -1; {}; {} ;0.029224859678465664
0.1; 0.99; 0.01; 0.8; 20; 0.8128504740394517; 52750; 83; -1; {}; {} ;0.003216293148406657
0.1; 0.99; 0.01; 0.8; 20; 0.8028416107149757; 8301; 81; -1; {}; {} ;0.006792570176069268
0.1; 0.99; 0.01; 0.8; 20; 0.8022976540775336; 57381; 88; -1; {}; {} ;0.007336526813511379
0.1; 0.99; 0.01; 0.8; 20; 0.8043875358563998; 27716; 79; -1; {}; {} ;0.005246645034645225
0.1; 0.99; 0.01; 0.8; 20; 0.7776008026110899; 14484; 79; -1; {}; {} ;0.032033378279955116
0.1; 0.99; 0.01; 0.8; 20; 0.821973755409896; 7182; 79; -1; {}; {} ;0.012339574518851038
0.1; 0.99; 0.05; 0.8; 20; 0.7837488707116224; 6718; 65; -1; {}; {} ;0.025885310179422638
0.1; 0.99; 0.05; 0.8; 20; 0.8240977957956128; 7372; 63; -1; {}; {} ;0.014463614904567823
0.1; 0.99; 0.05; 0.8; 20; 0.7634274223497874; 17135; 62; -1; {}; {} ;0.04620675854125755
0.1; 0.99; 0.05; 0.8; 20; 0.7795601759861519; 16105; 62; -1; {}; {} ;0.030074004904893092
0.1; 0.99; 0.05; 0.8; 20; 0.7993947591255464; 22886; 62; -1; {}; {} ;0.010239421765498635
0.1; 0.99; 0.05; 0.8; 20; 0.8107917466013312; 5977; 63; -1; {}; {} ;0.0011575657102862458
0.1; 0.99; 0.05; 0.8; 20; 0.7977026095615158; 6906; 64; -1; {}; {} ;0.011931571329529156
0.1; 0.99; 0.05; 0.8; 20; 0.8189419737213852; 5647; 64; -1; {}; {} ;0.009307792830340222
0.1; 0.99; 0.05; 0.8; 20; 0.8199804006749649; 3197; 61; -1; {}; {} ;0.010346219783919919
0.1; 0.99; 0.05; 0.8; 20; 0.8068289195877186; 5050; 63; -1; {}; {} ;0.0028052613033263674
0.1; 0.99; 0.1; 0.8; 20; 0.823830467742059; 6892; 61; -1; {}; {} ;0.01419628685101404
0.1; 0.99; 0.1; 0.8; 20; 0.7785084008998575; 48675; 63; -1; {}; {} ;0.031125779991187486
0.1; 0.99; 0.1; 0.8; 20; 0.8043626759664031; 11706; 62; -1; {}; {} ;0.005271504924641901
0.1; 0.99; 0.1; 0.8; 20; 0.8039057129161978; 16385; 61; -1; {}; {} ;0.005728467974847162
0.1; 0.99; 0.1; 0.8; 20; 0.8065906457197507; 21473; 62; -1; {}; {} ;0.003043535171294298
0.1; 0.99; 0.1; 0.8; 20; 0.8059850494666907; 29519; 61; -1; {}; {} ;0.0036491314243543016
0.1; 0.99; 0.1; 0.8; 20; 0.7755494403525159; 7630; 61; -1; {}; {} ;0.03408474053852906
0.1; 0.99; 0.1; 0.8; 20; 0.8214588314439757; 16169; 62; -1; {}; {} ;0.011824650552930693
0.1; 0.99; 0.1; 0.8; 20; 0.7720777859108029; 41220; 62; -1; {}; {} ;0.0375563949802421
0.1; 0.99; 0.1; 0.8; 20; 0.8264663997282039; 6746; 61; -1; {}; {} ;0.016832218837158908
