delta; alpha; epsilon; k; initSize; fitness; time; logSize; totalNoAsynchMoves; asynchMovesAbs; asynchMovesRel; distToOriginal
0.01; 0.9; 0.01; -1; -1; 0.9863568956994565; 118; 289; -1; {}; {} ;0.004013989982066257
0.01; 0.9; 0.01; -1; -1; 0.9875580195977308; 54; 277; -1; {}; {} ;0.005215113880340572
0.01; 0.9; 0.01; -1; -1; 0.98678955453149; 44; 279; -1; {}; {} ;0.0044466488140997296
0.01; 0.9; 0.01; -1; -1; 0.9826828669612176; 61; 291; -1; {}; {} ;3.3996124382740245E-4
0.01; 0.9; 0.01; -1; -1; 0.97720554405337; 67; 276; -1; {}; {} ;0.005137361664020235
0.01; 0.9; 0.01; -1; -1; 0.9805803571428571; 51; 288; -1; {}; {} ;0.0017625485745331737
0.01; 0.9; 0.01; -1; -1; 0.9814795918367348; 42; 280; -1; {}; {} ;8.633138806554141E-4
0.01; 0.9; 0.01; -1; -1; 0.9840640394088672; 45; 290; -1; {}; {} ;0.0017211336914769726
0.01; 0.9; 0.01; -1; -1; 0.9843585832909677; 46; 281; -1; {}; {} ;0.002015677573577457
0.01; 0.9; 0.01; -1; -1; 0.9748226950354612; 71; 282; -1; {}; {} ;0.007520210681929096
0.01; 0.9; 0.05; -1; -1; 0.9855682421667553; 44; 269; -1; {}; {} ;0.0032253364493650682
0.01; 0.9; 0.05; -1; -1; 0.9846934560689208; 45; 269; -1; {}; {} ;0.0023505503515305337
0.01; 0.9; 0.05; -1; -1; 0.9843866171003716; 50; 269; -1; {}; {} ;0.002043711382981317
0.01; 0.9; 0.05; -1; -1; 0.9826815776815777; 43; 270; -1; {}; {} ;3.386719641874647E-4
0.01; 0.9; 0.05; -1; -1; 0.9828863515666488; 48; 269; -1; {}; {} ;5.434458492585836E-4
0.01; 0.9; 0.05; -1; -1; 0.9889537971322355; 39; 269; -1; {}; {} ;0.006610891414845277
0.01; 0.9; 0.05; -1; -1; 0.9780403611258628; 46; 269; -1; {}; {} ;0.004302544591527457
0.01; 0.9; 0.05; -1; -1; 0.9905469994689323; 36; 269; -1; {}; {} ;0.008204093751542074
0.01; 0.9; 0.05; -1; -1; 0.9840635510709859; 47; 269; -1; {}; {} ;0.0017206453535956179
0.01; 0.9; 0.05; -1; -1; 0.985767392458842; 39; 269; -1; {}; {} ;0.003424486741451793
0.01; 0.9; 0.1; -1; -1; 0.9807753584705258; 41; 269; -1; {}; {} ;0.0015675472468644758
0.01; 0.9; 0.1; -1; -1; 0.9780669144981413; 44; 269; -1; {}; {} ;0.004275991219248931
0.01; 0.9; 0.1; -1; -1; 0.9782527881040889; 48; 269; -1; {}; {} ;0.004090117613301358
0.01; 0.9; 0.1; -1; -1; 0.9847318109399895; 34; 269; -1; {}; {} ;0.002388905222599269
0.01; 0.9; 0.1; -1; -1; 0.9809346787041954; 38; 269; -1; {}; {} ;0.0014082270131948738
0.01; 0.9; 0.1; -1; -1; 0.9852038708916032; 40; 269; -1; {}; {} ;0.0028609651742129705
0.01; 0.9; 0.1; -1; -1; 0.9852363250132766; 40; 269; -1; {}; {} ;0.002893419295886379
0.01; 0.9; 0.1; -1; -1; 0.9838909541511771; 47; 269; -1; {}; {} ;0.0015480484337868639
0.01; 0.9; 0.1; -1; -1; 0.984041423260754; 44; 269; -1; {}; {} ;0.0016985175433636979
0.01; 0.9; 0.1; -1; -1; 0.9819215790405381; 39; 269; -1; {}; {} ;4.2132667685212954E-4
0.01; 0.95; 0.01; -1; -1; 0.983093461265103; 50; 402; -1; {}; {} ;7.505555477127501E-4
0.01; 0.95; 0.01; -1; -1; 0.9790646693459992; 55; 391; -1; {}; {} ;0.003278236371391019
0.01; 0.95; 0.01; -1; -1; 0.9780599425699928; 68; 398; -1; {}; {} ;0.004282963147397401
0.01; 0.95; 0.01; -1; -1; 0.9832368896925859; 49; 395; -1; {}; {} ;8.939839751956891E-4
0.01; 0.95; 0.01; -1; -1; 0.978035965441029; 61; 395; -1; {}; {} ;0.0043069402763612485
0.01; 0.95; 0.01; -1; -1; 0.9847619047619048; 45; 390; -1; {}; {} ;0.0024189990445145915
0.01; 0.95; 0.01; -1; -1; 0.9826742667141669; 50; 401; -1; {}; {} ;3.31360996776664E-4
0.01; 0.95; 0.01; -1; -1; 0.980177674084709; 67; 398; -1; {}; {} ;0.0021652316326812304
0.01; 0.95; 0.01; -1; -1; 0.977305119255381; 54; 382; -1; {}; {} ;0.005037786462009253
0.01; 0.95; 0.01; -1; -1; 0.9844016317298759; 48; 393; -1; {}; {} ;0.00205872601248569
0.01; 0.95; 0.05; -1; -1; 0.9882028965798597; 45; 382; -1; {}; {} ;0.005859990862469466
0.01; 0.95; 0.05; -1; -1; 0.9857703814510098; 47; 382; -1; {}; {} ;0.003427475733619567
0.01; 0.95; 0.05; -1; -1; 0.9787833457990527; 46; 382; -1; {}; {} ;0.0035595599183375626
0.01; 0.95; 0.05; -1; -1; 0.9794403215831787; 67; 385; -1; {}; {} ;0.0029025841342115166
0.01; 0.95; 0.05; -1; -1; 0.9804854831032842; 56; 382; -1; {}; {} ;0.0018574226141060413
0.01; 0.95; 0.05; -1; -1; 0.9834887479796097; 62; 383; -1; {}; {} ;0.0011458422622194764
0.01; 0.95; 0.05; -1; -1; 0.9788394415357768; 61; 382; -1; {}; {} ;0.0035034641816134027
0.01; 0.95; 0.05; -1; -1; 0.9804941908034691; 69; 388; -1; {}; {} ;0.0018487149139211345
0.01; 0.95; 0.05; -1; -1; 0.9819060084766891; 43; 382; -1; {}; {} ;4.3689724070117286E-4
0.01; 0.95; 0.05; -1; -1; 0.9819428902979817; 52; 383; -1; {}; {} ;4.0001541940859475E-4
0.01; 0.95; 0.1; -1; -1; 0.9790789344454264; 57; 382; -1; {}; {} ;0.0032639712719638725
0.01; 0.95; 0.1; -1; -1; 0.9850242446848193; 53; 383; -1; {}; {} ;0.002681338967429059
0.01; 0.95; 0.1; -1; -1; 0.9840875093492895; 45; 382; -1; {}; {} ;0.0017446036318992109
0.01; 0.95; 0.1; -1; -1; 0.9827769488996643; 51; 383; -1; {}; {} ;4.340431822740243E-4
0.01; 0.95; 0.1; -1; -1; 0.9850785340314135; 44; 382; -1; {}; {} ;0.0027356283140232973
0.01; 0.95; 0.1; -1; -1; 0.9799083769633508; 55; 382; -1; {}; {} ;0.002434528754039489
0.01; 0.95; 0.1; -1; -1; 0.9844303166292695; 49; 382; -1; {}; {} ;0.0020874109118792505
0.01; 0.95; 0.1; -1; -1; 0.9839597357267515; 52; 382; -1; {}; {} ;0.001616830009361303
0.01; 0.95; 0.1; -1; -1; 0.9850307487742042; 48; 382; -1; {}; {} ;0.00268784305681391
0.01; 0.95; 0.1; -1; -1; 0.9862146143559756; 51; 382; -1; {}; {} ;0.003871708638585325
0.01; 0.99; 0.01; -1; -1; 0.9803714859437751; 81; 664; -1; {}; {} ;0.001971419773615146
0.01; 0.99; 0.01; -1; -1; 0.9850931152602886; 70; 658; -1; {}; {} ;0.0027502095428983964
0.01; 0.99; 0.01; -1; -1; 0.9838580112896225; 74; 658; -1; {}; {} ;0.0015151055722322226
0.01; 0.99; 0.01; -1; -1; 0.9831032302648024; 77; 687; -1; {}; {} ;7.6032454741215E-4
0.01; 0.99; 0.01; -1; -1; 0.9827931769722817; 82; 670; -1; {}; {} ;4.502712548914989E-4
0.01; 0.99; 0.01; -1; -1; 0.9849592673122083; 75; 663; -1; {}; {} ;0.0026163615948180396
0.01; 0.99; 0.01; -1; -1; 0.9827408913275176; 82; 658; -1; {}; {} ;3.9798561012738265E-4
0.01; 0.99; 0.01; -1; -1; 0.9798590711537142; 73; 672; -1; {}; {} ;0.0024838345636760684
0.01; 0.99; 0.01; -1; -1; 0.9803331197950036; 77; 669; -1; {}; {} ;0.002009785922386653
0.01; 0.99; 0.01; -1; -1; 0.9793982769241264; 91; 677; -1; {}; {} ;0.002944628793263848
0.01; 0.99; 0.05; -1; -1; 0.9804504006631666; 83; 658; -1; {}; {} ;0.0018925050542236699
0.01; 0.99; 0.05; -1; -1; 0.9783645727794664; 89; 658; -1; {}; {} ;0.003978332937923823
0.01; 0.99; 0.05; -1; -1; 0.9797522555121343; 90; 658; -1; {}; {} ;0.002590650205255951
0.01; 0.99; 0.05; -1; -1; 0.9825825010855408; 77; 658; -1; {}; {} ;2.3959536815054694E-4
0.01; 0.99; 0.05; -1; -1; 0.9856600086843251; 68; 658; -1; {}; {} ;0.0033171029669348817
0.01; 0.99; 0.05; -1; -1; 0.9798762703018025; 87; 658; -1; {}; {} ;0.002466635415587781
0.01; 0.99; 0.05; -1; -1; 0.9843067014039656; 73; 658; -1; {}; {} ;0.0019637956865753425
0.01; 0.99; 0.05; -1; -1; 0.9801382255029673; 73; 658; -1; {}; {} ;0.0022046802144229938
0.01; 0.99; 0.05; -1; -1; 0.9775564481111597; 77; 658; -1; {}; {} ;0.004786457606230532
0.01; 0.99; 0.05; -1; -1; 0.9831570067892257; 72; 658; -1; {}; {} ;8.14101071835438E-4
0.01; 0.99; 0.1; -1; -1; 0.9816575437396106; 78; 658; -1; {}; {} ;6.85361977779686E-4
0.01; 0.99; 0.1; -1; -1; 0.9811689956446796; 78; 658; -1; {}; {} ;0.0011739100727106155
0.01; 0.99; 0.1; -1; -1; 0.9806231003039514; 80; 658; -1; {}; {} ;0.0017198054134388574
0.01; 0.99; 0.1; -1; -1; 0.9785919332271914; 81; 658; -1; {}; {} ;0.003750972490198845
0.01; 0.99; 0.1; -1; -1; 0.9794072948328268; 70; 658; -1; {}; {} ;0.0029356108845634
0.01; 0.99; 0.1; -1; -1; 0.9844025908235634; 81; 658; -1; {}; {} ;0.002059685106173159
0.01; 0.99; 0.1; -1; -1; 0.9871230761808268; 69; 658; -1; {}; {} ;0.004780170463436595
0.01; 0.99; 0.1; -1; -1; 0.9818401119312974; 82; 658; -1; {}; {} ;5.027937860928589E-4
0.01; 0.99; 0.1; -1; -1; 0.981105562792493; 81; 658; -1; {}; {} ;0.0012373429248973
0.01; 0.99; 0.1; -1; -1; 0.9825662179765527; 78; 658; -1; {}; {} ;2.233122591625003E-4
0.05; 0.9; 0.01; -1; -1; 0.9874686716791979; 15; 57; -1; {}; {} ;0.005125765961807693
0.05; 0.9; 0.01; -1; -1; 0.9904761904761904; 17; 60; -1; {}; {} ;0.008133284758800152
0.05; 0.9; 0.01; -1; -1; 0.9784366576819408; 14; 53; -1; {}; {} ;0.0039062480354494777
0.05; 0.9; 0.01; -1; -1; 0.9855889724310777; 18; 57; -1; {}; {} ;0.0032460667136874344
0.05; 0.9; 0.01; -1; -1; 0.9861751152073732; 21; 62; -1; {}; {} ;0.003832209489982974
0.05; 0.9; 0.01; -1; -1; 0.9784366576819408; 16; 53; -1; {}; {} ;0.0039062480354494777
0.05; 0.9; 0.01; -1; -1; 0.9868480725623583; 18; 63; -1; {}; {} ;0.004505166844968045
0.05; 0.9; 0.01; -1; -1; 0.9946091644204852; 17; 53; -1; {}; {} ;0.012266258703094945
0.05; 0.9; 0.01; -1; -1; 0.9805102040816327; 21; 70; -1; {}; {} ;0.0018327016357575499
0.05; 0.9; 0.01; -1; -1; 0.9793154761904762; 21; 96; -1; {}; {} ;0.0030274295269140383
0.05; 0.9; 0.05; -1; -1; 0.9818059299191376; 19; 53; -1; {}; {} ;5.369757982526258E-4
0.05; 0.9; 0.05; -1; -1; 1.0; 14; 53; -1; {}; {} ;0.017657094282609753
0.05; 0.9; 0.05; -1; -1; 0.9805764411027568; 23; 57; -1; {}; {} ;0.0017664646146334784
0.05; 0.9; 0.05; -1; -1; 0.9865229110512129; 14; 53; -1; {}; {} ;0.004180005333822678
0.05; 0.9; 0.05; -1; -1; 0.9892183288409704; 16; 53; -1; {}; {} ;0.006875423123580138
0.05; 0.9; 0.05; -1; -1; 0.9919137466307277; 15; 53; -1; {}; {} ;0.009570840913337486
0.05; 0.9; 0.05; -1; -1; 0.9751322751322751; 18; 54; -1; {}; {} ;0.007210630585115174
0.05; 0.9; 0.05; -1; -1; 0.9919137466307277; 16; 53; -1; {}; {} ;0.009570840913337486
0.05; 0.9; 0.05; -1; -1; 0.9768518518518519; 19; 54; -1; {}; {} ;0.005491053865538387
0.05; 0.9; 0.05; -1; -1; 0.968867924528302; 19; 53; -1; {}; {} ;0.013474981189088298
0.05; 0.9; 0.1; -1; -1; 0.9865229110512129; 16; 53; -1; {}; {} ;0.004180005333822678
0.05; 0.9; 0.1; -1; -1; 0.9897574123989218; 21; 53; -1; {}; {} ;0.007414506681531541
0.05; 0.9; 0.1; -1; -1; 0.9845013477088947; 21; 53; -1; {}; {} ;0.0021584419915045006
0.05; 0.9; 0.1; -1; -1; 0.97088948787062; 24; 53; -1; {}; {} ;0.01145341784677023
0.05; 0.9; 0.1; -1; -1; 0.9794474393530997; 21; 53; -1; {}; {} ;0.0028954663642905
0.05; 0.9; 0.1; -1; -1; 0.9838274932614556; 19; 53; -1; {}; {} ;0.00148458754406533
0.05; 0.9; 0.1; -1; -1; 0.9784366576819407; 21; 53; -1; {}; {} ;0.0039062480354495888
0.05; 0.9; 0.1; -1; -1; 0.9640161725067387; 25; 53; -1; {}; {} ;0.01832673321065159
0.05; 0.9; 0.1; -1; -1; 0.9892183288409703; 19; 53; -1; {}; {} ;0.006875423123580027
0.05; 0.9; 0.1; -1; -1; 0.9865229110512129; 17; 53; -1; {}; {} ;0.004180005333822678
0.05; 0.95; 0.01; -1; -1; 0.9801680672268906; 23; 85; -1; {}; {} ;0.0021748384904995977
0.05; 0.95; 0.01; -1; -1; 0.9850498338870433; 23; 86; -1; {}; {} ;0.002706928169653011
0.05; 0.95; 0.01; -1; -1; 0.9851190476190477; 22; 84; -1; {}; {} ;0.002776141901657425
0.05; 0.95; 0.01; -1; -1; 0.9961389961389963; 18; 74; -1; {}; {} ;0.013796090421606011
0.05; 0.95; 0.01; -1; -1; 0.989795918367347; 19; 84; -1; {}; {} ;0.007453012649956792
0.05; 0.95; 0.01; -1; -1; 0.9708850931677019; 20; 92; -1; {}; {} ;0.011457812549688362
0.05; 0.95; 0.01; -1; -1; 0.9950738916256158; 16; 87; -1; {}; {} ;0.012730985908225523
0.05; 0.95; 0.01; -1; -1; 0.9892857142857142; 21; 80; -1; {}; {} ;0.006942808568323966
0.05; 0.95; 0.01; -1; -1; 0.9807142857142856; 24; 80; -1; {}; {} ;0.0016286200031045972
0.05; 0.95; 0.01; -1; -1; 0.9763945578231292; 32; 105; -1; {}; {} ;0.005948347894261019
0.05; 0.95; 0.05; -1; -1; 0.9806949806949808; 20; 74; -1; {}; {} ;0.0016479250224094022
0.05; 0.95; 0.05; -1; -1; 0.9754578754578755; 19; 78; -1; {}; {} ;0.006885030259514702
0.05; 0.95; 0.05; -1; -1; 0.9820952380952379; 20; 75; -1; {}; {} ;2.476676221523366E-4
0.05; 0.95; 0.05; -1; -1; 0.9888996138996141; 22; 74; -1; {}; {} ;0.006556708182223869
0.05; 0.95; 0.05; -1; -1; 0.9826254826254825; 20; 74; -1; {}; {} ;2.825769080923024E-4
0.05; 0.95; 0.05; -1; -1; 0.9864864864864866; 19; 74; -1; {}; {} ;0.004143580769096378
0.05; 0.95; 0.05; -1; -1; 0.9903474903474905; 16; 74; -1; {}; {} ;0.008004584630100231
0.05; 0.95; 0.05; -1; -1; 0.9828320802005013; 22; 76; -1; {}; {} ;4.891744831110323E-4
0.05; 0.95; 0.05; -1; -1; 0.9815724815724814; 23; 74; -1; {}; {} ;7.70424144908799E-4
0.05; 0.95; 0.05; -1; -1; 0.9922779922779921; 14; 74; -1; {}; {} ;0.009935086560601825
0.05; 0.95; 0.1; -1; -1; 0.9806949806949808; 15; 74; -1; {}; {} ;0.0016479250224094022
0.05; 0.95; 0.1; -1; -1; 0.9961389961389963; 17; 74; -1; {}; {} ;0.013796090421606011
0.05; 0.95; 0.1; -1; -1; 0.9731445731445734; 29; 74; -1; {}; {} ;0.00919833257281688
0.05; 0.95; 0.1; -1; -1; 0.9908301158301158; 19; 74; -1; {}; {} ;0.008487210112725574
0.05; 0.95; 0.1; -1; -1; 0.9884169884169886; 16; 74; -1; {}; {} ;0.006074082699598304
0.05; 0.95; 0.1; -1; -1; 0.9927606177606179; 24; 74; -1; {}; {} ;0.010417712043227612
0.05; 0.95; 0.1; -1; -1; 0.9749034749034751; 22; 74; -1; {}; {} ;0.007439430813915182
0.05; 0.95; 0.1; -1; -1; 0.9845559845559846; 20; 74; -1; {}; {} ;0.00221307883859434
0.05; 0.95; 0.1; -1; -1; 0.9877734877734881; 22; 74; -1; {}; {} ;0.00543058205609781
0.05; 0.95; 0.1; -1; -1; 0.9756756756756757; 23; 74; -1; {}; {} ;0.006667230041714545
0.05; 0.99; 0.01; -1; -1; 0.9904575892857144; 29; 128; -1; {}; {} ;0.008114683568324121
0.05; 0.99; 0.01; -1; -1; 0.9880445795339412; 28; 141; -1; {}; {} ;0.005701673816550956
0.05; 0.99; 0.01; -1; -1; 0.9915343915343916; 20; 135; -1; {}; {} ;0.009191485817001355
0.05; 0.99; 0.01; -1; -1; 0.9877232142857143; 24; 128; -1; {}; {} ;0.005380308568324055
0.05; 0.99; 0.01; -1; -1; 0.9849330357142857; 26; 128; -1; {}; {} ;0.0025901299968954516
0.05; 0.99; 0.01; -1; -1; 0.9790096406660822; 36; 163; -1; {}; {} ;0.003333265051308043
0.05; 0.99; 0.01; -1; -1; 0.9767387218045114; 31; 152; -1; {}; {} ;0.005604183912878868
0.05; 0.99; 0.01; -1; -1; 0.9851004464285713; 29; 128; -1; {}; {} ;0.0027575407111810613
0.05; 0.99; 0.01; -1; -1; 0.9796938775510203; 29; 140; -1; {}; {} ;0.0026490281663699156
0.05; 0.99; 0.01; -1; -1; 0.9738416988416989; 32; 148; -1; {}; {} ;0.008501206875691336
0.05; 0.99; 0.05; -1; -1; 0.9826450892857141; 27; 128; -1; {}; {} ;3.0218356832389937E-4
0.05; 0.99; 0.05; -1; -1; 0.9883167220376522; 29; 129; -1; {}; {} ;0.005973816320261949
0.05; 0.99; 0.05; -1; -1; 0.9851605758582503; 25; 129; -1; {}; {} ;0.0028176701408600957
0.05; 0.99; 0.05; -1; -1; 0.9857700892857142; 25; 128; -1; {}; {} ;0.0034271835683239438
0.05; 0.99; 0.05; -1; -1; 0.9601934523809522; 43; 128; -1; {}; {} ;0.02214945333643803
0.05; 0.99; 0.05; -1; -1; 0.9868861607142858; 24; 128; -1; {}; {} ;0.004543254996895563
0.05; 0.99; 0.05; -1; -1; 0.9836774553571429; 25; 128; -1; {}; {} ;0.001334549639752658
0.05; 0.99; 0.05; -1; -1; 0.9848772321428572; 31; 128; -1; {}; {} ;0.002534326425466915
0.05; 0.99; 0.05; -1; -1; 0.9773626373626374; 29; 130; -1; {}; {} ;0.004980268354752848
0.05; 0.99; 0.05; -1; -1; 0.9834821428571429; 25; 128; -1; {}; {} ;0.0011392371397526135
0.05; 0.99; 0.1; -1; -1; 0.9906249999999999; 24; 128; -1; {}; {} ;0.00828209428260962
0.05; 0.99; 0.1; -1; -1; 0.9913504464285714; 25; 128; -1; {}; {} ;0.00900754071118115
0.05; 0.99; 0.1; -1; -1; 0.9792968750000001; 31; 128; -1; {}; {} ;0.00304603071739018
0.05; 0.99; 0.1; -1; -1; 0.9668247767857142; 39; 128; -1; {}; {} ;0.015518128931676034
0.05; 0.99; 0.1; -1; -1; 0.9803571428571429; 31; 128; -1; {}; {} ;0.00198576286024732
0.05; 0.99; 0.1; -1; -1; 0.9739955357142857; 33; 128; -1; {}; {} ;0.008347370003104593
0.05; 0.99; 0.1; -1; -1; 0.9859375; 26; 128; -1; {}; {} ;0.0035945942826097754
0.05; 0.99; 0.1; -1; -1; 0.9888392857142857; 21; 128; -1; {}; {} ;0.006496379996895452
0.05; 0.99; 0.1; -1; -1; 0.971213239817891; 37; 129; -1; {}; {} ;0.011129665899499264
0.05; 0.99; 0.1; -1; -1; 0.9880022321428571; 22; 128; -1; {}; {} ;0.0056593264254668485
0.1; 0.9; 0.01; -1; -1; 0.9924812030075189; 11; 38; -1; {}; {} ;0.010138297290128606
0.1; 0.9; 0.01; -1; -1; 0.9829931972789115; 14; 42; -1; {}; {} ;6.50291561521299E-4
0.1; 0.9; 0.01; -1; -1; 0.9945054945054945; 14; 26; -1; {}; {} ;0.012162588788104278
0.1; 0.9; 0.01; -1; -1; 0.9740259740259741; 18; 33; -1; {}; {} ;0.008316931691416118
0.1; 0.9; 0.01; -1; -1; 0.9904761904761905; 12; 30; -1; {}; {} ;0.008133284758800263
0.1; 0.9; 0.01; -1; -1; 0.9857142857142858; 13; 30; -1; {}; {} ;0.0033713799968955183
0.1; 0.9; 0.01; -1; -1; 0.9698660714285714; 17; 32; -1; {}; {} ;0.01247683428881885
0.1; 0.9; 0.01; -1; -1; 0.9862637362637363; 13; 39; -1; {}; {} ;0.003920830546346066
0.1; 0.9; 0.01; -1; -1; 0.9962406015037594; 13; 38; -1; {}; {} ;0.013897695786369124
0.1; 0.9; 0.01; -1; -1; 0.9792207792207793; 18; 33; -1; {}; {} ;0.003122126496610922
0.1; 0.9; 0.05; -1; -1; 0.9829931972789115; 13; 28; -1; {}; {} ;6.50291561521299E-4
0.1; 0.9; 0.05; -1; -1; 0.9735449735449735; 13; 27; -1; {}; {} ;0.008797932172416756
0.1; 0.9; 0.05; -1; -1; 0.9655172413793104; 14; 29; -1; {}; {} ;0.01682566433807986
0.1; 0.9; 0.05; -1; -1; 0.989010989010989; 13; 26; -1; {}; {} ;0.006668083293598803
0.1; 0.9; 0.05; -1; -1; 0.9725274725274726; 12; 26; -1; {}; {} ;0.009815433189917622
0.1; 0.9; 0.05; -1; -1; 0.9945054945054945; 9; 26; -1; {}; {} ;0.012162588788104278
0.1; 0.9; 0.05; -1; -1; 0.9835164835164836; 9; 26; -1; {}; {} ;0.0011735777990933283
0.1; 0.9; 0.05; -1; -1; 0.9725274725274725; 11; 26; -1; {}; {} ;0.009815433189917733
0.1; 0.9; 0.05; -1; -1; 0.978021978021978; 13; 26; -1; {}; {} ;0.004320927695412258
0.1; 0.9; 0.05; -1; -1; 0.9727891156462586; 15; 28; -1; {}; {} ;0.009553790071131663
0.1; 0.9; 0.1; -1; -1; 1.0; 12; 26; -1; {}; {} ;0.017657094282609753
0.1; 0.9; 0.1; -1; -1; 0.9806122448979593; 16; 28; -1; {}; {} ;0.0017306608194309625
0.1; 0.9; 0.1; -1; -1; 1.0; 10; 26; -1; {}; {} ;0.017657094282609753
0.1; 0.9; 0.1; -1; -1; 0.989010989010989; 12; 26; -1; {}; {} ;0.006668083293598803
0.1; 0.9; 0.1; -1; -1; 0.9593406593406594; 13; 26; -1; {}; {} ;0.023002246376730873
0.1; 0.9; 0.1; -1; -1; 0.986013986013986; 15; 26; -1; {}; {} ;0.0036710802965957967
0.1; 0.9; 0.1; -1; -1; 0.9725274725274725; 17; 26; -1; {}; {} ;0.009815433189917733
0.1; 0.9; 0.1; -1; -1; 0.9725274725274726; 12; 26; -1; {}; {} ;0.009815433189917622
0.1; 0.9; 0.1; -1; -1; 0.9780219780219781; 16; 26; -1; {}; {} ;0.004320927695412147
0.1; 0.9; 0.1; -1; -1; 0.9945054945054945; 11; 26; -1; {}; {} ;0.012162588788104278
0.1; 0.95; 0.01; -1; -1; 1.0; 10; 36; -1; {}; {} ;0.017657094282609753
0.1; 0.95; 0.01; -1; -1; 1.0; 10; 36; -1; {}; {} ;0.017657094282609753
0.1; 0.95; 0.01; -1; -1; 0.9844155844155844; 21; 60; -1; {}; {} ;0.0020726786981941636
0.1; 0.95; 0.01; -1; -1; 0.9916442048517522; 15; 53; -1; {}; {} ;0.009301299134361951
0.1; 0.95; 0.01; -1; -1; 0.9704660587639311; 21; 47; -1; {}; {} ;0.011876846953459141
0.1; 0.95; 0.01; -1; -1; 0.9935064935064936; 13; 44; -1; {}; {} ;0.011163587789103313
0.1; 0.95; 0.01; -1; -1; 0.9889400921658986; 14; 62; -1; {}; {} ;0.006597186448508374
0.1; 0.95; 0.01; -1; -1; 0.9693877551020409; 15; 42; -1; {}; {} ;0.012955150615349353
0.1; 0.95; 0.01; -1; -1; 0.9833333333333335; 19; 60; -1; {}; {} ;9.904276159432568E-4
0.1; 0.95; 0.01; -1; -1; 0.980952380952381; 19; 45; -1; {}; {} ;0.0013905247650092267
0.1; 0.95; 0.05; -1; -1; 0.9849624060150376; 17; 38; -1; {}; {} ;0.002619500297647348
0.1; 0.95; 0.05; -1; -1; 0.9801587301587301; 16; 36; -1; {}; {} ;0.0021841755586601286
0.1; 0.95; 0.05; -1; -1; 0.988095238095238; 14; 36; -1; {}; {} ;0.00575233237784778
0.1; 0.95; 0.05; -1; -1; 0.9830115830115831; 16; 37; -1; {}; {} ;6.686772941928432E-4
0.1; 0.95; 0.05; -1; -1; 0.988095238095238; 14; 36; -1; {}; {} ;0.00575233237784778
0.1; 0.95; 0.05; -1; -1; 0.9960317460317459; 12; 36; -1; {}; {} ;0.013688840314355688
0.1; 0.95; 0.05; -1; -1; 0.9920634920634921; 13; 36; -1; {}; {} ;0.009720586346101845
0.1; 0.95; 0.05; -1; -1; 0.9856150793650793; 16; 36; -1; {}; {} ;0.0032721736476890584
0.1; 0.95; 0.05; -1; -1; 0.9841269841269842; 14; 36; -1; {}; {} ;0.0017840784095939366
0.1; 0.95; 0.05; -1; -1; 0.9722222222222222; 14; 36; -1; {}; {} ;0.010120683495168037
0.1; 0.95; 0.1; -1; -1; 0.980952380952381; 18; 36; -1; {}; {} ;0.0013905247650092267
0.1; 0.95; 0.1; -1; -1; 0.9801587301587301; 17; 36; -1; {}; {} ;0.0021841755586601286
0.1; 0.95; 0.1; -1; -1; 0.9920634920634921; 13; 36; -1; {}; {} ;0.009720586346101845
0.1; 0.95; 0.1; -1; -1; 0.9801587301587301; 15; 36; -1; {}; {} ;0.0021841755586601286
0.1; 0.95; 0.1; -1; -1; 0.988095238095238; 13; 36; -1; {}; {} ;0.00575233237784778
0.1; 0.95; 0.1; -1; -1; 0.9806949806949806; 16; 37; -1; {}; {} ;0.0016479250224096242
0.1; 0.95; 0.1; -1; -1; 0.9841269841269842; 15; 36; -1; {}; {} ;0.0017840784095939366
0.1; 0.95; 0.1; -1; -1; 0.9849206349206349; 16; 36; -1; {}; {} ;0.0025777292032446164
0.1; 0.95; 0.1; -1; -1; 0.988095238095238; 13; 36; -1; {}; {} ;0.00575233237784778
0.1; 0.95; 0.1; -1; -1; 0.9841269841269842; 14; 36; -1; {}; {} ;0.0017840784095939366
0.1; 0.99; 0.01; -1; -1; 0.9660859465737516; 28; 82; -1; {}; {} ;0.016256959143638672
0.1; 0.99; 0.01; -1; -1; 0.9878048780487804; 20; 82; -1; {}; {} ;0.005461972331390119
0.1; 0.99; 0.01; -1; -1; 0.9814935064935066; 21; 66; -1; {}; {} ;8.493992238836068E-4
0.1; 0.99; 0.01; -1; -1; 0.9929742388758782; 15; 61; -1; {}; {} ;0.010631333158487966
0.1; 0.99; 0.01; -1; -1; 0.9768613974799539; 33; 97; -1; {}; {} ;0.005481508237436317
0.1; 0.99; 0.01; -1; -1; 0.978678038379531; 20; 67; -1; {}; {} ;0.003664867337859201
0.1; 0.99; 0.01; -1; -1; 0.993559718969555; 16; 61; -1; {}; {} ;0.011216813252164726
0.1; 0.99; 0.01; -1; -1; 0.9912177985948477; 17; 61; -1; {}; {} ;0.008874892877457463
0.1; 0.99; 0.01; -1; -1; 0.9760069977811913; 30; 93; -1; {}; {} ;0.006335907936198981
0.1; 0.99; 0.01; -1; -1; 0.9976580796252927; 15; 61; -1; {}; {} ;0.01531517390790249
0.1; 0.99; 0.05; -1; -1; 0.9882903981264637; 13; 61; -1; {}; {} ;0.0059474924090734405
0.1; 0.99; 0.05; -1; -1; 0.985164835164835; 21; 65; -1; {}; {} ;0.0028219294474447487
0.1; 0.99; 0.05; -1; -1; 0.9855226740472642; 18; 61; -1; {}; {} ;0.0031797683298739887
0.1; 0.99; 0.05; -1; -1; 0.9718749999999999; 22; 64; -1; {}; {} ;0.010467905717390313
0.1; 0.99; 0.05; -1; -1; 0.9796252927400467; 21; 61; -1; {}; {} ;0.00271761297734352
0.1; 0.99; 0.05; -1; -1; 0.9836065573770492; 20; 61; -1; {}; {} ;0.0012636516596589153
0.1; 0.99; 0.05; -1; -1; 0.9820276497695853; 25; 62; -1; {}; {} ;3.152559478049044E-4
0.1; 0.99; 0.05; -1; -1; 0.9912177985948478; 17; 61; -1; {}; {} ;0.008874892877457574
0.1; 0.99; 0.05; -1; -1; 0.9718969555035127; 18; 61; -1; {}; {} ;0.010445950213877508
0.1; 0.99; 0.05; -1; -1; 0.9911007025761124; 15; 61; -1; {}; {} ;0.008757796858722133
0.1; 0.99; 0.1; -1; -1; 0.9888758782201406; 18; 61; -1; {}; {} ;0.006532972502750312
0.1; 0.99; 0.1; -1; -1; 0.9752927400468384; 28; 61; -1; {}; {} ;0.007050165670551833
0.1; 0.99; 0.1; -1; -1; 0.9817330210772833; 18; 61; -1; {}; {} ;6.098846401069169E-4
0.1; 0.99; 0.1; -1; -1; 0.9695550351288056; 22; 61; -1; {}; {} ;0.01278787058858466
0.1; 0.99; 0.1; -1; -1; 0.964168618266979; 27; 61; -1; {}; {} ;0.018174287450411275
0.1; 0.99; 0.1; -1; -1; 0.9752927400468384; 24; 61; -1; {}; {} ;0.007050165670551833
0.1; 0.99; 0.1; -1; -1; 0.9733021077283371; 19; 61; -1; {}; {} ;0.009040797989053106
0.1; 0.99; 0.1; -1; -1; 0.9817330210772833; 18; 61; -1; {}; {} ;6.098846401069169E-4
0.1; 0.99; 0.1; -1; -1; 0.981264637002342; 17; 61; -1; {}; {} ;0.0010782687150482362
0.1; 0.99; 0.1; -1; -1; 0.9795081967213115; 15; 61; -1; {}; {} ;0.0028347089960787386
