delta; alpha; epsilon; k; initSize; fitness; time; logSize; totalNoAsynchMoves; asynchMovesAbs; asynchMovesRel; distToOriginal
0.01; 0.9; 0.01; 0.8; 20; 0.9783628779979144; 47; 274; -1; {}; {} ;0.003980027719475809
0.01; 0.9; 0.01; 0.8; 20; 0.9782207792207791; 38; 275; -1; {}; {} ;0.004122126496611145
0.01; 0.9; 0.01; 0.8; 20; 0.9882457072048149; 35; 269; -1; {}; {} ;0.005902801487424614
0.01; 0.9; 0.01; 0.8; 20; 0.9824845679012344; 48; 288; -1; {}; {} ;1.4166218384414897E-4
0.01; 0.9; 0.01; 0.8; 20; 0.9848380244291023; 39; 269; -1; {}; {} ;0.002495118711712041
0.01; 0.9; 0.01; 0.8; 20; 0.979851510496672; 43; 279; -1; {}; {} ;0.0024913952207182843
0.01; 0.9; 0.01; 0.8; 20; 0.9852534562211982; 36; 279; -1; {}; {} ;0.0029105505038079516
0.01; 0.9; 0.01; 0.8; 20; 0.9831369383911756; 50; 295; -1; {}; {} ;7.940326737853054E-4
0.01; 0.9; 0.01; 0.8; 20; 0.9877264412580397; 34; 269; -1; {}; {} ;0.005383535540649409
0.01; 0.9; 0.01; 0.8; 20; 0.9809642461635817; 52; 301; -1; {}; {} ;0.0013786595538085589
0.01; 0.9; 0.05; 0.8; 20; 0.9842361479907947; 38; 269; -1; {}; {} ;0.001893242273404483
0.01; 0.9; 0.05; 0.8; 20; 0.9839207261140345; 44; 269; -1; {}; {} ;0.001577820396644225
0.01; 0.9; 0.05; 0.8; 20; 0.9818361532647246; 49; 273; -1; {}; {} ;5.067524526656264E-4
0.01; 0.9; 0.05; 0.8; 20; 0.9746348911311736; 44; 269; -1; {}; {} ;0.007708014586216616
0.01; 0.9; 0.05; 0.8; 20; 0.9757255090588421; 42; 270; -1; {}; {} ;0.0066173966585481026
0.01; 0.9; 0.05; 0.8; 20; 0.9816250663834306; 43; 269; -1; {}; {} ;7.178393339596356E-4
0.01; 0.9; 0.05; 0.8; 20; 0.9880244291024958; 38; 269; -1; {}; {} ;0.005681523385105525
0.01; 0.9; 0.05; 0.8; 20; 0.9823154540626662; 37; 269; -1; {}; {} ;2.745165472406441E-5
0.01; 0.9; 0.05; 0.8; 20; 0.985389744497551; 44; 269; -1; {}; {} ;0.0030468387801607655
0.01; 0.9; 0.05; 0.8; 20; 0.9860624299286009; 39; 269; -1; {}; {} ;0.0037195242112106897
0.01; 0.9; 0.1; 0.8; 20; 0.9812267657992565; 40; 269; -1; {}; {} ;0.0011161399181337517
0.01; 0.9; 0.1; 0.8; 20; 0.977376526818906; 51; 269; -1; {}; {} ;0.0049663788984842805
0.01; 0.9; 0.1; 0.8; 20; 0.9819171534784918; 40; 269; -1; {}; {} ;4.257522388984025E-4
0.01; 0.9; 0.1; 0.8; 20; 0.9797486280757656; 40; 269; -1; {}; {} ;0.002594277641624676
0.01; 0.9; 0.1; 0.8; 20; 0.984811471056824; 40; 269; -1; {}; {} ;0.002468565339433737
0.01; 0.9; 0.1; 0.8; 20; 0.9761771995043369; 49; 269; -1; {}; {} ;0.006165706213053346
0.01; 0.9; 0.1; 0.8; 20; 0.9833862433862435; 33; 270; -1; {}; {} ;0.001043337668853228
0.01; 0.9; 0.1; 0.8; 20; 0.9880908125331918; 38; 269; -1; {}; {} ;0.005747906815801507
0.01; 0.9; 0.1; 0.8; 20; 0.9865728447512832; 43; 269; -1; {}; {} ;0.004229939033892904
0.01; 0.9; 0.1; 0.8; 20; 0.9782527881040891; 44; 269; -1; {}; {} ;0.004090117613301136
0.01; 0.95; 0.01; 0.8; 20; 0.9845665445665447; 54; 390; -1; {}; {} ;0.002223638849154441
0.01; 0.95; 0.01; 0.8; 20; 0.9834514721919303; 54; 393; -1; {}; {} ;0.0011085664745400514
0.01; 0.95; 0.01; 0.8; 20; 0.9858612713451425; 58; 403; -1; {}; {} ;0.003518365627752207
0.01; 0.95; 0.01; 0.8; 20; 0.9857202530134862; 47; 399; -1; {}; {} ;0.003377347296095956
0.01; 0.95; 0.01; 0.8; 20; 0.9782435728279556; 55; 397; -1; {}; {} ;0.004099332889434648
0.01; 0.95; 0.01; 0.8; 20; 0.9824025974025976; 44; 385; -1; {}; {} ;5.9691685207363676E-5
0.01; 0.95; 0.01; 0.8; 20; 0.9856611130804682; 55; 403; -1; {}; {} ;0.003318207363077974
0.01; 0.95; 0.01; 0.8; 20; 0.9829354956268223; 58; 392; -1; {}; {} ;5.925899094320064E-4
0.01; 0.95; 0.01; 0.8; 20; 0.9810905349794241; 64; 405; -1; {}; {} ;0.0012523707379661353
0.01; 0.95; 0.01; 0.8; 20; 0.9737001887001888; 70; 390; -1; {}; {} ;0.008642717017201429
0.01; 0.95; 0.05; 0.8; 20; 0.9858358264771877; 47; 382; -1; {}; {} ;0.0034929207597974576
0.01; 0.95; 0.05; 0.8; 20; 0.980160807778609; 54; 382; -1; {}; {} ;0.0021820979387812134
0.01; 0.95; 0.05; 0.8; 20; 0.9820216337187615; 46; 383; -1; {}; {} ;3.212719986287471E-4
0.01; 0.95; 0.05; 0.8; 20; 0.9825189605868457; 52; 383; -1; {}; {} ;1.7605486945548865E-4
0.01; 0.95; 0.05; 0.8; 20; 0.980843305908751; 55; 382; -1; {}; {} ;0.0014995998086392293
0.01; 0.95; 0.05; 0.8; 20; 0.9878521565694339; 48; 382; -1; {}; {} ;0.005509250852043679
0.01; 0.95; 0.05; 0.8; 20; 0.9805825646139781; 61; 382; -1; {}; {} ;0.0017603411034121663
0.01; 0.95; 0.05; 0.8; 20; 0.9868005031617596; 46; 382; -1; {}; {} ;0.0044575974443693545
0.01; 0.95; 0.05; 0.8; 20; 0.9820587135377711; 53; 382; -1; {}; {} ;2.841921796191693E-4
0.01; 0.95; 0.05; 0.8; 20; 0.9807965594614808; 45; 382; -1; {}; {} ;0.0015463462559094365
0.01; 0.95; 0.1; 0.8; 20; 0.9817439541261532; 56; 382; -1; {}; {} ;5.98951591237018E-4
0.01; 0.95; 0.1; 0.8; 20; 0.9808900523560211; 46; 382; -1; {}; {} ;0.001452853361369133
0.01; 0.95; 0.1; 0.8; 20; 0.9837696335078533; 55; 382; -1; {}; {} ;0.0014267277904630449
0.01; 0.95; 0.1; 0.8; 20; 0.9849841912014687; 52; 382; -1; {}; {} ;0.0026412854840784927
0.01; 0.95; 0.1; 0.8; 20; 0.9847772791490068; 53; 382; -1; {}; {} ;0.0024343734316165655
0.01; 0.95; 0.1; 0.8; 20; 0.9847717073502417; 55; 382; -1; {}; {} ;0.0024288016328514184
0.01; 0.95; 0.1; 0.8; 20; 0.9791230366492147; 59; 382; -1; {}; {} ;0.003219869068175507
0.01; 0.95; 0.1; 0.8; 20; 0.9849414111194216; 49; 382; -1; {}; {} ;0.002598505402031326
0.01; 0.95; 0.1; 0.8; 20; 0.9744964565460651; 64; 383; -1; {}; {} ;0.007846449171325154
0.01; 0.95; 0.1; 0.8; 20; 0.9862752430815257; 47; 382; -1; {}; {} ;0.003932337364135452
0.01; 0.99; 0.01; 0.8; 20; 0.9797557666214385; 74; 670; -1; {}; {} ;0.0025871390959517626
0.01; 0.99; 0.01; 0.8; 20; 0.9795971727387659; 76; 678; -1; {}; {} ;0.002745732978624349
0.01; 0.99; 0.01; 0.8; 20; 0.9847240314565544; 72; 658; -1; {}; {} ;0.0023811257391641583
0.01; 0.99; 0.01; 0.8; 20; 0.9808503073676484; 74; 692; -1; {}; {} ;0.0014925983497418027
0.01; 0.99; 0.01; 0.8; 20; 0.983334539489555; 79; 658; -1; {}; {} ;9.916337721647128E-4
0.01; 0.99; 0.01; 0.8; 20; 0.9786148669408581; 93; 681; -1; {}; {} ;0.003728038776532161
0.01; 0.99; 0.01; 0.8; 20; 0.9815950590762622; 63; 665; -1; {}; {} ;7.47846641128036E-4
0.01; 0.99; 0.01; 0.8; 20; 0.9850856590218293; 85; 658; -1; {}; {} ;0.0027427533044390717
0.01; 0.99; 0.01; 0.8; 20; 0.9816323215446024; 80; 684; -1; {}; {} ;7.105841727877982E-4
0.01; 0.99; 0.01; 0.8; 20; 0.9807474918750887; 76; 674; -1; {}; {} ;0.0015954138423015518
0.01; 0.99; 0.05; 0.8; 20; 0.9859802431610943; 73; 658; -1; {}; {} ;0.0036373374437040917
0.01; 0.99; 0.05; 0.8; 20; 0.9799500651324361; 71; 658; -1; {}; {} ;0.002392840584954148
0.01; 0.99; 0.05; 0.8; 20; 0.9856340763255657; 72; 658; -1; {}; {} ;0.003291170608175409
0.01; 0.99; 0.05; 0.8; 20; 0.9826907810190485; 78; 658; -1; {}; {} ;3.478753016582514E-4
0.01; 0.99; 0.05; 0.8; 20; 0.9805447001495636; 66; 658; -1; {}; {} ;0.0017982055678266162
0.01; 0.99; 0.05; 0.8; 20; 0.9795414797124524; 82; 658; -1; {}; {} ;0.0028014260049378237
0.01; 0.99; 0.05; 0.8; 20; 0.9783543204515852; 93; 658; -1; {}; {} ;0.003988585265805034
0.01; 0.99; 0.05; 0.8; 20; 0.982718193660443; 72; 658; -1; {}; {} ;3.7528794305274893E-4
0.01; 0.99; 0.05; 0.8; 20; 0.9820405085110968; 73; 663; -1; {}; {} ;3.023972062934366E-4
0.01; 0.99; 0.05; 0.8; 20; 0.97998021903797; 82; 658; -1; {}; {} ;0.0023626866794203005
0.01; 0.99; 0.1; 0.8; 20; 0.9837874511506731; 73; 658; -1; {}; {} ;0.0014445454332828733
0.01; 0.99; 0.1; 0.8; 20; 0.9830167173252279; 67; 658; -1; {}; {} ;6.738116078376377E-4
0.01; 0.99; 0.1; 0.8; 20; 0.9819094659140252; 64; 658; -1; {}; {} ;4.334398033650766E-4
0.01; 0.99; 0.1; 0.8; 20; 0.9849013364210932; 70; 658; -1; {}; {} ;0.002558430703702985
0.01; 0.99; 0.1; 0.8; 20; 0.9830578911126023; 78; 658; -1; {}; {} ;7.149853952120866E-4
0.01; 0.99; 0.1; 0.8; 20; 0.9853708601428971; 80; 658; -1; {}; {} ;0.0030279544255068513
0.01; 0.99; 0.1; 0.8; 20; 0.983862232836397; 83; 658; -1; {}; {} ;0.0015193271190067081
0.01; 0.99; 0.1; 0.8; 20; 0.9791477519441049; 83; 658; -1; {}; {} ;0.0031951537732853863
0.01; 0.99; 0.1; 0.8; 20; 0.9818811212428237; 80; 658; -1; {}; {} ;4.6178447456657334E-4
0.01; 0.99; 0.1; 0.8; 20; 0.9835866261398175; 64; 658; -1; {}; {} ;0.0012437204224272635
0.05; 0.9; 0.01; 0.8; 20; 0.9898720682302772; 17; 67; -1; {}; {} ;0.007529162512886933
0.05; 0.9; 0.01; 0.8; 20; 0.9973045822102425; 15; 53; -1; {}; {} ;0.014961676492852294
0.05; 0.9; 0.01; 0.8; 20; 0.9802707930367505; 23; 94; -1; {}; {} ;0.0020721126806397816
0.05; 0.9; 0.01; 0.8; 20; 0.9806593406593406; 21; 65; -1; {}; {} ;0.0016835650580496742
0.05; 0.9; 0.01; 0.8; 20; 0.9627500877500879; 26; 74; -1; {}; {} ;0.01959281796730239
0.05; 0.9; 0.01; 0.8; 20; 0.9859022556390977; 21; 57; -1; {}; {} ;0.0035593499217074775
0.05; 0.9; 0.01; 0.8; 20; 0.9833333333333333; 18; 60; -1; {}; {} ;9.904276159430347E-4
0.05; 0.9; 0.01; 0.8; 20; 0.9770219198790627; 24; 63; -1; {}; {} ;0.005320985838327519
0.05; 0.9; 0.01; 0.8; 20; 0.9813839285714285; 24; 80; -1; {}; {} ;9.589771459617147E-4
0.05; 0.9; 0.01; 0.8; 20; 0.9747252747252747; 22; 78; -1; {}; {} ;0.007617630992115543
0.05; 0.9; 0.05; 0.8; 20; 0.9829290206648698; 19; 53; -1; {}; {} ;5.861149474795102E-4
0.05; 0.9; 0.05; 0.8; 20; 0.9816711590296495; 24; 53; -1; {}; {} ;6.717466877407263E-4
0.05; 0.9; 0.05; 0.8; 20; 0.983528002395927; 20; 53; -1; {}; {} ;0.0011850966785367234
0.05; 0.9; 0.05; 0.8; 20; 0.9946091644204852; 13; 53; -1; {}; {} ;0.012266258703094945
0.05; 0.9; 0.05; 0.8; 20; 0.9887282528791964; 18; 53; -1; {}; {} ;0.006385347161806165
0.05; 0.9; 0.05; 0.8; 20; 0.984366576819407; 20; 53; -1; {}; {} ;0.002023671102016733
0.05; 0.9; 0.05; 0.8; 20; 0.9742063492063493; 17; 54; -1; {}; {} ;0.008136556511040949
0.05; 0.9; 0.05; 0.8; 20; 0.9919137466307277; 17; 53; -1; {}; {} ;0.009570840913337486
0.05; 0.9; 0.05; 0.8; 20; 0.9838274932614556; 17; 53; -1; {}; {} ;0.00148458754406533
0.05; 0.9; 0.05; 0.8; 20; 0.9818059299191374; 16; 53; -1; {}; {} ;5.369757982528478E-4
0.05; 0.9; 0.1; 0.8; 20; 0.9865229110512129; 15; 53; -1; {}; {} ;0.004180005333822678
0.05; 0.9; 0.1; 0.8; 20; 0.9892183288409703; 17; 53; -1; {}; {} ;0.006875423123580027
0.05; 0.9; 0.1; 0.8; 20; 0.9892183288409704; 14; 53; -1; {}; {} ;0.006875423123580138
0.05; 0.9; 0.1; 0.8; 20; 0.9892183288409704; 17; 53; -1; {}; {} ;0.006875423123580138
0.05; 0.9; 0.1; 0.8; 20; 0.9919137466307277; 15; 53; -1; {}; {} ;0.009570840913337486
0.05; 0.9; 0.1; 0.8; 20; 0.9761904761904762; 19; 54; -1; {}; {} ;0.006152429526914083
0.05; 0.9; 0.1; 0.8; 20; 0.9973045822102427; 11; 53; -1; {}; {} ;0.014961676492852405
0.05; 0.9; 0.1; 0.8; 20; 0.9919137466307277; 14; 53; -1; {}; {} ;0.009570840913337486
0.05; 0.9; 0.1; 0.8; 20; 0.9973045822102425; 13; 53; -1; {}; {} ;0.014961676492852294
0.05; 0.9; 0.1; 0.8; 20; 0.9613330066160255; 26; 53; -1; {}; {} ;0.02100989910136475
0.05; 0.95; 0.01; 0.8; 20; 0.9787292147105231; 28; 107; -1; {}; {} ;0.003613691006867148
0.05; 0.95; 0.01; 0.8; 20; 0.9925431711145997; 19; 91; -1; {}; {} ;0.010200265397209418
0.05; 0.95; 0.01; 0.8; 20; 0.979951690821256; 28; 92; -1; {}; {} ;0.0023912148961342528
0.05; 0.95; 0.01; 0.8; 20; 0.9708894878706199; 28; 106; -1; {}; {} ;0.011453417846770342
0.05; 0.95; 0.01; 0.8; 20; 0.9875; 20; 80; -1; {}; {} ;0.005157094282609798
0.05; 0.95; 0.01; 0.8; 20; 0.9840867992766728; 22; 79; -1; {}; {} ;0.0017438935592825056
0.05; 0.95; 0.01; 0.8; 20; 0.9868197278911565; 19; 84; -1; {}; {} ;0.004476822173766215
0.05; 0.95; 0.01; 0.8; 20; 0.9961389961389963; 17; 74; -1; {}; {} ;0.013796090421606011
0.05; 0.95; 0.01; 0.8; 20; 0.98128078817734; 25; 116; -1; {}; {} ;0.0010621175400502558
0.05; 0.95; 0.01; 0.8; 20; 0.9867109634551495; 21; 86; -1; {}; {} ;0.004368057737759279
0.05; 0.95; 0.05; 0.8; 20; 0.9864864864864863; 23; 74; -1; {}; {} ;0.004143580769096045
0.05; 0.95; 0.05; 0.8; 20; 0.9847619047619046; 17; 75; -1; {}; {} ;0.0024189990445143694
0.05; 0.95; 0.05; 0.8; 20; 0.9809845559845559; 24; 74; -1; {}; {} ;0.0013583497328343297
0.05; 0.95; 0.05; 0.8; 20; 0.9779922779922782; 21; 74; -1; {}; {} ;0.004350627725112077
0.05; 0.95; 0.05; 0.8; 20; 0.9953667953667954; 17; 74; -1; {}; {} ;0.013023889649405151
0.05; 0.95; 0.05; 0.8; 20; 0.9903474903474905; 20; 74; -1; {}; {} ;0.008004584630100231
0.05; 0.95; 0.05; 0.8; 20; 0.9756756756756757; 29; 74; -1; {}; {} ;0.006667230041714545
0.05; 0.95; 0.05; 0.8; 20; 0.9922779922779923; 18; 74; -1; {}; {} ;0.009935086560602047
0.05; 0.95; 0.05; 0.8; 20; 0.986031746031746; 21; 75; -1; {}; {} ;0.00368884031435579
0.05; 0.95; 0.05; 0.8; 20; 0.9961904761904763; 16; 75; -1; {}; {} ;0.013847570473086046
0.05; 0.95; 0.1; 0.8; 20; 0.9826898326898327; 21; 74; -1; {}; {} ;3.4692697244242954E-4
0.05; 0.95; 0.1; 0.8; 20; 0.9716001716001714; 30; 74; -1; {}; {} ;0.010742734117218822
0.05; 0.95; 0.1; 0.8; 20; 0.9884169884169883; 18; 74; -1; {}; {} ;0.006074082699598082
0.05; 0.95; 0.1; 0.8; 20; 0.9903474903474905; 17; 74; -1; {}; {} ;0.008004584630100231
0.05; 0.95; 0.1; 0.8; 20; 0.9834942084942084; 25; 74; -1; {}; {} ;0.001151302776818186
0.05; 0.95; 0.1; 0.8; 20; 0.9737451737451737; 21; 74; -1; {}; {} ;0.008597731972216582
0.05; 0.95; 0.1; 0.8; 20; 0.9834942084942084; 25; 74; -1; {}; {} ;0.001151302776818186
0.05; 0.95; 0.1; 0.8; 20; 0.9853281853281854; 20; 74; -1; {}; {} ;0.0029852796107951995
0.05; 0.95; 0.1; 0.8; 20; 0.9752895752895752; 27; 74; -1; {}; {} ;0.0070533304278150855
0.05; 0.95; 0.1; 0.8; 20; 0.9850386100386102; 21; 74; -1; {}; {} ;0.002695704321219905
0.05; 0.99; 0.01; 0.8; 20; 0.9733163265306122; 38; 140; -1; {}; {} ;0.009026579186778072
0.05; 0.99; 0.01; 0.8; 20; 0.9881821341675356; 23; 137; -1; {}; {} ;0.005839228450145395
0.05; 0.99; 0.01; 0.8; 20; 0.9876060013046315; 23; 146; -1; {}; {} ;0.005263095587241251
0.05; 0.99; 0.01; 0.8; 20; 0.9923469387755103; 23; 140; -1; {}; {} ;0.010004033058120032
0.05; 0.99; 0.01; 0.8; 20; 0.984132906894101; 29; 134; -1; {}; {} ;0.0017900011767107982
0.05; 0.99; 0.01; 0.8; 20; 0.986326530612245; 22; 140; -1; {}; {} ;0.003983624894854709
0.05; 0.99; 0.01; 0.8; 20; 0.9845982142857143; 25; 128; -1; {}; {} ;0.0022553085683240104
0.05; 0.99; 0.01; 0.8; 20; 0.9870129870129869; 22; 132; -1; {}; {} ;0.004670081295596651
0.05; 0.99; 0.01; 0.8; 20; 0.9778889899909007; 30; 157; -1; {}; {} ;0.004453915726489566
0.05; 0.99; 0.01; 0.8; 20; 0.9900210084033613; 26; 136; -1; {}; {} ;0.007678102685971022
0.05; 0.99; 0.05; 0.8; 20; 0.9859340659340657; 25; 130; -1; {}; {} ;0.003591160216675493
0.05; 0.99; 0.05; 0.8; 20; 0.9746527777777778; 35; 128; -1; {}; {} ;0.0076901279396124345
0.05; 0.99; 0.05; 0.8; 20; 0.9816964285714286; 26; 128; -1; {}; {} ;6.464771459616658E-4
0.05; 0.99; 0.05; 0.8; 20; 0.9799107142857143; 21; 128; -1; {}; {} ;0.002432191431675945
0.05; 0.99; 0.05; 0.8; 20; 0.974404761904762; 33; 128; -1; {}; {} ;0.007938143812628251
0.05; 0.99; 0.05; 0.8; 20; 0.9866071428571429; 24; 128; -1; {}; {} ;0.004264237139752658
0.05; 0.99; 0.05; 0.8; 20; 0.9929315476190477; 25; 128; -1; {}; {} ;0.010588641901657425
0.05; 0.99; 0.05; 0.8; 20; 0.9784623773173393; 26; 131; -1; {}; {} ;0.003880528400050931
0.05; 0.99; 0.05; 0.8; 20; 0.9842075892857144; 26; 128; -1; {}; {} ;0.0018646835683241436
0.05; 0.99; 0.05; 0.8; 20; 0.9868303571428572; 25; 128; -1; {}; {} ;0.004487451425466915
0.05; 0.99; 0.1; 0.8; 20; 0.9716517857142856; 36; 128; -1; {}; {} ;0.010691120003104682
0.05; 0.99; 0.1; 0.8; 20; 0.9807359307359307; 31; 132; -1; {}; {} ;0.0016069749814595635
0.05; 0.99; 0.1; 0.8; 20; 0.9866071428571429; 27; 128; -1; {}; {} ;0.004264237139752658
0.05; 0.99; 0.1; 0.8; 20; 0.9830357142857141; 30; 128; -1; {}; {} ;6.928085683238772E-4
0.05; 0.99; 0.1; 0.8; 20; 0.9879464285714286; 26; 128; -1; {}; {} ;0.005603522854038312
0.05; 0.99; 0.1; 0.8; 20; 0.984375; 26; 128; -1; {}; {} ;0.0020320942826097532
0.05; 0.99; 0.1; 0.8; 20; 0.9779017857142858; 21; 128; -1; {}; {} ;0.004441120003104482
0.05; 0.99; 0.1; 0.8; 20; 0.9809151785714285; 29; 128; -1; {}; {} ;0.0014277271459617324
0.05; 0.99; 0.1; 0.8; 20; 0.9888392857142857; 23; 128; -1; {}; {} ;0.006496379996895452
0.05; 0.99; 0.1; 0.8; 20; 0.9809337797619047; 27; 128; -1; {}; {} ;0.0014091259554855906
0.1; 0.9; 0.01; 0.8; 20; 0.9957983193277312; 10; 34; -1; {}; {} ;0.013455413610340972
0.1; 0.9; 0.01; 0.8; 20; 0.9738675958188152; 16; 41; -1; {}; {} ;0.008475309898575034
0.1; 0.9; 0.01; 0.8; 20; 0.9800664451827243; 14; 43; -1; {}; {} ;0.002276460534665903
0.1; 0.9; 0.01; 0.8; 20; 0.9772594752186589; 21; 49; -1; {}; {} ;0.005083430498731389
0.1; 0.9; 0.01; 0.8; 20; 0.989010989010989; 10; 26; -1; {}; {} ;0.006668083293598803
0.1; 0.9; 0.01; 0.8; 20; 0.9705882352941176; 12; 34; -1; {}; {} ;0.011754670423272606
0.1; 0.9; 0.01; 0.8; 20; 0.9945054945054945; 9; 26; -1; {}; {} ;0.012162588788104278
0.1; 0.9; 0.01; 0.8; 20; 0.9828869047619047; 17; 48; -1; {}; {} ;5.439990445144094E-4
0.1; 0.9; 0.01; 0.8; 20; 0.980952380952381; 15; 30; -1; {}; {} ;0.0013905247650092267
0.1; 0.9; 0.01; 0.8; 20; 0.9714285714285713; 19; 34; -1; {}; {} ;0.010914334288818939
0.1; 0.9; 0.05; 0.8; 20; 0.9835164835164836; 12; 26; -1; {}; {} ;0.0011735777990933283
0.1; 0.9; 0.05; 0.8; 20; 0.9642857142857144; 15; 27; -1; {}; {} ;0.018057191431675834
0.1; 0.9; 0.05; 0.8; 20; 1.0; 11; 26; -1; {}; {} ;0.017657094282609753
0.1; 0.9; 0.05; 0.8; 20; 0.965693804403482; 19; 31; -1; {}; {} ;0.016649101313908288
0.1; 0.9; 0.05; 0.8; 20; 0.989010989010989; 14; 26; -1; {}; {} ;0.006668083293598803
0.1; 0.9; 0.05; 0.8; 20; 0.989010989010989; 12; 26; -1; {}; {} ;0.006668083293598803
0.1; 0.9; 0.05; 0.8; 20; 0.9894179894179894; 13; 27; -1; {}; {} ;0.007075083700599172
0.1; 0.9; 0.05; 0.8; 20; 0.9945054945054945; 11; 26; -1; {}; {} ;0.012162588788104278
0.1; 0.9; 0.05; 0.8; 20; 0.9725274725274725; 11; 26; -1; {}; {} ;0.009815433189917733
0.1; 0.9; 0.05; 0.8; 20; 0.978021978021978; 15; 26; -1; {}; {} ;0.004320927695412258
0.1; 0.9; 0.1; 0.8; 20; 0.9793956043956045; 12; 26; -1; {}; {} ;0.002947301321785778
0.1; 0.9; 0.1; 0.8; 20; 1.0; 9; 26; -1; {}; {} ;0.017657094282609753
0.1; 0.9; 0.1; 0.8; 20; 0.9681318681318682; 15; 26; -1; {}; {} ;0.014211037585522002
0.1; 0.9; 0.1; 0.8; 20; 0.9945054945054945; 13; 26; -1; {}; {} ;0.012162588788104278
0.1; 0.9; 0.1; 0.8; 20; 0.9793956043956045; 12; 26; -1; {}; {} ;0.002947301321785778
0.1; 0.9; 0.1; 0.8; 20; 0.9835164835164836; 14; 26; -1; {}; {} ;0.0011735777990933283
0.1; 0.9; 0.1; 0.8; 20; 0.9725274725274726; 16; 26; -1; {}; {} ;0.009815433189917622
0.1; 0.9; 0.1; 0.8; 20; 0.9725274725274726; 14; 26; -1; {}; {} ;0.009815433189917622
0.1; 0.9; 0.1; 0.8; 20; 0.9868131868131869; 11; 26; -1; {}; {} ;0.004470281095796613
0.1; 0.9; 0.1; 0.8; 20; 1.0; 8; 26; -1; {}; {} ;0.017657094282609753
0.1; 0.95; 0.01; 0.8; 20; 0.9762987012987012; 21; 66; -1; {}; {} ;0.006044204418689025
0.1; 0.95; 0.01; 0.8; 20; 0.9926739926739927; 14; 39; -1; {}; {} ;0.010331086956602453
0.1; 0.95; 0.01; 0.8; 20; 1.0; 9; 36; -1; {}; {} ;0.017657094282609753
0.1; 0.95; 0.01; 0.8; 20; 0.9714285714285714; 18; 45; -1; {}; {} ;0.010914334288818828
0.1; 0.95; 0.01; 0.8; 20; 0.9698979591836735; 24; 56; -1; {}; {} ;0.01244494653371675
0.1; 0.95; 0.01; 0.8; 20; 0.9745535714285714; 21; 48; -1; {}; {} ;0.007789334288818894
0.1; 0.95; 0.01; 0.8; 20; 0.9775910364145658; 17; 51; -1; {}; {} ;0.004751869302824452
0.1; 0.95; 0.01; 0.8; 20; 0.9860627177700347; 12; 41; -1; {}; {} ;0.003719812052644489
0.1; 0.95; 0.01; 0.8; 20; 0.9825072886297377; 14; 49; -1; {}; {} ;1.643829123474383E-4
0.1; 0.95; 0.01; 0.8; 20; 0.9894179894179893; 15; 54; -1; {}; {} ;0.007075083700599061
0.1; 0.95; 0.05; 0.8; 20; 0.9806949806949806; 12; 37; -1; {}; {} ;0.0016479250224096242
0.1; 0.95; 0.05; 0.8; 20; 0.9682539682539684; 12; 36; -1; {}; {} ;0.01408893746342188
0.1; 0.95; 0.05; 0.8; 20; 0.9920634920634919; 13; 36; -1; {}; {} ;0.009720586346101623
0.1; 0.95; 0.05; 0.8; 20; 0.988095238095238; 12; 36; -1; {}; {} ;0.00575233237784778
0.1; 0.95; 0.05; 0.8; 20; 0.9661654135338346; 16; 38; -1; {}; {} ;0.016177492183555686
0.1; 0.95; 0.05; 0.8; 20; 1.0; 13; 36; -1; {}; {} ;0.017657094282609753
0.1; 0.95; 0.05; 0.8; 20; 0.9920634920634921; 14; 36; -1; {}; {} ;0.009720586346101845
0.1; 0.95; 0.05; 0.8; 20; 0.9801587301587301; 14; 36; -1; {}; {} ;0.0021841755586601286
0.1; 0.95; 0.05; 0.8; 20; 0.9920634920634921; 14; 36; -1; {}; {} ;0.009720586346101845
0.1; 0.95; 0.05; 0.8; 20; 0.984126984126984; 22; 36; -1; {}; {} ;0.0017840784095937146
0.1; 0.95; 0.1; 0.8; 20; 0.9730158730158729; 20; 36; -1; {}; {} ;0.009327032701517357
0.1; 0.95; 0.1; 0.8; 20; 0.9730158730158731; 14; 36; -1; {}; {} ;0.009327032701517135
0.1; 0.95; 0.1; 0.8; 20; 0.9930555555555556; 14; 36; -1; {}; {} ;0.010712649838165333
0.1; 0.95; 0.1; 0.8; 20; 0.9841269841269842; 13; 36; -1; {}; {} ;0.0017840784095939366
0.1; 0.95; 0.1; 0.8; 20; 0.988095238095238; 12; 36; -1; {}; {} ;0.00575233237784778
0.1; 0.95; 0.1; 0.8; 20; 0.9779761904761904; 18; 36; -1; {}; {} ;0.004366715241199803
0.1; 0.95; 0.1; 0.8; 20; 0.9914021164021164; 13; 36; -1; {}; {} ;0.009059210684726149
0.1; 0.95; 0.1; 0.8; 20; 0.9867724867724866; 16; 36; -1; {}; {} ;0.004429581055096388
0.1; 0.95; 0.1; 0.8; 20; 0.9691119691119692; 17; 37; -1; {}; {} ;0.013230936605421073
0.1; 0.95; 0.1; 0.8; 20; 0.976190476190476; 16; 36; -1; {}; {} ;0.006152429526914194
0.1; 0.99; 0.01; 0.8; 20; 0.9738675958188154; 21; 82; -1; {}; {} ;0.008475309898574812
0.1; 0.99; 0.01; 0.8; 20; 0.9888392857142857; 14; 64; -1; {}; {} ;0.006496379996895452
0.1; 0.99; 0.01; 0.8; 20; 0.979957356076759; 19; 67; -1; {}; {} ;0.0023855496406312016
0.1; 0.99; 0.01; 0.8; 20; 0.9857142857142857; 17; 65; -1; {}; {} ;0.0033713799968954072
0.1; 0.99; 0.01; 0.8; 20; 0.9843205574912891; 19; 82; -1; {}; {} ;0.0019776517738988586
0.1; 0.99; 0.01; 0.8; 20; 0.9882903981264637; 15; 61; -1; {}; {} ;0.0059474924090734405
0.1; 0.99; 0.01; 0.8; 20; 0.9877551020408163; 18; 70; -1; {}; {} ;0.005412196323426044
0.1; 0.99; 0.01; 0.8; 20; 0.9953161592505854; 16; 61; -1; {}; {} ;0.012973253533195117
0.1; 0.99; 0.01; 0.8; 20; 0.9852941176470589; 17; 68; -1; {}; {} ;0.002951211929668629
0.1; 0.99; 0.01; 0.8; 20; 0.9866071428571429; 17; 64; -1; {}; {} ;0.004264237139752658
0.1; 0.99; 0.05; 0.8; 20; 0.9888758782201404; 18; 61; -1; {}; {} ;0.006532972502750201
0.1; 0.99; 0.05; 0.8; 20; 0.9794546850998463; 18; 62; -1; {}; {} ;0.002888220617543902
0.1; 0.99; 0.05; 0.8; 20; 0.9742388758782201; 15; 61; -1; {}; {} ;0.008104029839170135
0.1; 0.99; 0.05; 0.8; 20; 0.9812646370023419; 19; 61; -1; {}; {} ;0.0010782687150483472
0.1; 0.99; 0.05; 0.8; 20; 0.9843317972350231; 21; 62; -1; {}; {} ;0.001988891517632818
0.1; 0.99; 0.05; 0.8; 20; 0.9789227166276346; 21; 61; -1; {}; {} ;0.0034201890897556098
0.1; 0.99; 0.05; 0.8; 20; 0.9851473922902495; 18; 63; -1; {}; {} ;0.002804486572859255
0.1; 0.99; 0.05; 0.8; 20; 0.9882903981264637; 14; 61; -1; {}; {} ;0.0059474924090734405
0.1; 0.99; 0.05; 0.8; 20; 0.9865339578454333; 14; 61; -1; {}; {} ;0.004191052128043049
0.1; 0.99; 0.05; 0.8; 20; 0.9771988030184751; 22; 61; -1; {}; {} ;0.005144102698915187
0.1; 0.99; 0.1; 0.8; 20; 0.9668618266978922; 23; 61; -1; {}; {} ;0.015481079019498023
0.1; 0.99; 0.1; 0.8; 20; 0.9836390840489202; 21; 61; -1; {}; {} ;0.0012961783315299513
0.1; 0.99; 0.1; 0.8; 20; 0.9738479262672812; 24; 62; -1; {}; {} ;0.00849497945010902
0.1; 0.99; 0.1; 0.8; 20; 0.9844847775175645; 19; 61; -1; {}; {} ;0.002141871800174222
0.1; 0.99; 0.1; 0.8; 20; 0.9734298488396849; 27; 61; -1; {}; {} ;0.008913056877705383
0.1; 0.99; 0.1; 0.8; 20; 0.984192037470726; 19; 61; -1; {}; {} ;0.0018491317533357865
0.1; 0.99; 0.1; 0.8; 20; 0.9763205828779601; 24; 61; -1; {}; {} ;0.006022322839430161
0.1; 0.99; 0.1; 0.8; 20; 0.9836065573770492; 105; 61; -1; {}; {} ;0.0012636516596589153
0.1; 0.99; 0.1; 0.8; 20; 0.9906323185011708; 18; 61; -1; {}; {} ;0.008289412783780592
0.1; 0.99; 0.1; 0.8; 20; 0.9861751152073733; 14; 62; -1; {}; {} ;0.003832209489983085
