Delta, Alpha, Epsilon, K, initSize, Fitness, Traces, Time, Recalculations
0.01, 0.95, 0.05, 1.0, 10, 0.7887417781491658, 382, 4399, 0
0.01, 0.95, 0.05, 1.0, 10, 0.7842341109979162, 382, 2332, 0
0.01, 0.95, 0.05, 1.0, 10, 0.805401106649131, 382, 2055, 0
0.01, 0.95, 0.05, 1.0, 10, 0.7665115007658286, 382, 2308, 0
0.01, 0.95, 0.05, 1.0, 10, 0.8181919972207675, 382, 2652, 0
0.01, 0.95, 0.05, 1.0, 10, 0.7821963613118712, 382, 2224, 0
0.01, 0.95, 0.05, 1.0, 10, 0.7976070958475326, 382, 3519, 0
0.01, 0.95, 0.05, 1.0, 10, 0.7474802125621393, 382, 1982, 0
0.01, 0.95, 0.05, 1.0, 10, 0.8134466399108493, 382, 2186, 0
0.01, 0.95, 0.05, 1.0, 10, 0.783105563254259, 382, 1760, 0
0.01, 0.95, 0.05, 1.0, 10, 0.8035350839374382, 382, 2552, 0
0.01, 0.95, 0.05, 1.0, 10, 0.7343570146765981, 382, 5143, 0
0.01, 0.95, 0.05, 1.0, 10, 0.8034932937576443, 382, 3254, 0
0.01, 0.95, 0.05, 1.0, 10, 0.7976811790435729, 382, 3697, 0
0.01, 0.95, 0.05, 1.0, 10, 0.817377894252031, 382, 3364, 0
0.01, 0.95, 0.05, 1.0, 10, 0.8060986862704226, 382, 1793, 0
0.01, 0.95, 0.05, 1.0, 10, 0.7807201875242248, 382, 2369, 0
0.01, 0.95, 0.05, 1.0, 10, 0.7721220435656295, 382, 2293, 0
0.01, 0.95, 0.05, 1.0, 10, 0.7381175883673543, 382, 2321, 0
0.01, 0.95, 0.05, 1.0, 10, 0.7257333899602404, 382, 2026, 0
0.01, 0.95, 0.05, 1.0, 10, 0.809601232251185, 382, 2117, 0
0.01, 0.95, 0.05, 1.0, 10, 0.7937087953427704, 382, 2250, 0
0.01, 0.95, 0.05, 1.0, 10, 0.7407853674240436, 382, 1836, 0
0.01, 0.95, 0.05, 1.0, 10, 0.7773895964816409, 382, 1797, 0
0.01, 0.95, 0.05, 1.0, 10, 0.7227275992869727, 394, 5468, 0
0.01, 0.95, 0.05, 1.0, 10, 0.7747103458494047, 382, 5796, 0
0.01, 0.95, 0.05, 1.0, 10, 0.7996913365160692, 382, 2055, 0
0.01, 0.95, 0.05, 1.0, 10, 0.8017996741139554, 382, 2213, 0
0.01, 0.95, 0.05, 1.0, 10, 0.7870226338999605, 382, 1675, 0
0.01, 0.95, 0.05, 1.0, 10, 0.7866658991791483, 382, 1795, 0
0.01, 0.95, 0.05, 1.0, 10, 0.7853118735432041, 382, 7613, 0
0.01, 0.95, 0.05, 1.0, 10, 0.781709259650637, 382, 6077, 0
0.01, 0.95, 0.05, 1.0, 10, 0.7508926549797321, 382, 2181, 0
0.01, 0.95, 0.05, 1.0, 10, 0.8268567701479582, 382, 1444, 0
0.01, 0.95, 0.05, 1.0, 10, 0.7849562467035898, 382, 2580, 0
0.01, 0.95, 0.05, 1.0, 10, 0.7962004815423288, 382, 1914, 0
0.01, 0.95, 0.05, 1.0, 10, 0.48977941585233586, 392, 3193, 0
0.01, 0.95, 0.05, 1.0, 10, 0.7990320989231294, 382, 3877, 0
0.01, 0.95, 0.05, 1.0, 10, 0.7804761088243805, 382, 4566, 0
0.01, 0.95, 0.05, 1.0, 10, 0.7642135474124208, 382, 2491, 0
0.01, 0.95, 0.05, 1.0, 10, 0.799292847387696, 382, 4034, 0
0.01, 0.95, 0.05, 1.0, 10, 0.7749806428207853, 382, 1473, 0
0.01, 0.95, 0.05, 1.0, 10, 0.799907106424275, 382, 4696, 0
0.01, 0.95, 0.05, 1.0, 10, 0.7946131831686248, 382, 3931, 0
0.01, 0.95, 0.05, 1.0, 10, 0.7637715032747284, 382, 6215, 0
0.01, 0.95, 0.05, 1.0, 10, 0.8231832306160313, 382, 2496, 0
0.01, 0.95, 0.05, 1.0, 10, 0.7372008093205062, 382, 4369, 0
0.01, 0.95, 0.05, 1.0, 10, 0.7822751464697583, 382, 6855, 0
0.01, 0.95, 0.05, 1.0, 10, 0.7755067342749762, 382, 2611, 0
0.01, 0.95, 0.05, 1.0, 10, 0.8056856805996181, 382, 1898, 0
0.01, 0.95, 0.05, 1.0, 20, 0.8375052206438344, 382, 4044, 0
0.01, 0.95, 0.05, 1.0, 20, 0.8366994179453394, 382, 3509, 0
0.01, 0.95, 0.05, 1.0, 20, 0.8563566286631643, 382, 4364, 0
0.01, 0.95, 0.05, 1.0, 20, 0.8394233512458222, 382, 6480, 0
0.01, 0.95, 0.05, 1.0, 20, 0.8089726937166479, 382, 10514, 0
0.01, 0.95, 0.05, 1.0, 20, 0.8501760136525491, 382, 2571, 0
0.01, 0.95, 0.05, 1.0, 20, 0.8526653883484859, 382, 3837, 0
0.01, 0.95, 0.05, 1.0, 20, 0.8353310812503744, 382, 4542, 0
0.01, 0.95, 0.05, 1.0, 20, 0.8427398570507516, 382, 4601, 0
0.01, 0.95, 0.05, 1.0, 20, 0.8494923207234959, 382, 3917, 0
0.01, 0.95, 0.05, 1.0, 20, 0.8472598315575096, 382, 3876, 0
0.01, 0.95, 0.05, 1.0, 20, 0.8559219763043616, 382, 5547, 0
0.01, 0.95, 0.05, 1.0, 20, 0.8301436297073423, 382, 8604, 0
0.01, 0.95, 0.05, 1.0, 20, 0.8530870588540429, 382, 4917, 0
0.01, 0.95, 0.05, 1.0, 20, 0.8297524147702029, 382, 6303, 0
0.01, 0.95, 0.05, 1.0, 20, 0.8605593583656651, 382, 3080, 0
0.01, 0.95, 0.05, 1.0, 20, 0.8570246548672799, 382, 4108, 0
0.01, 0.95, 0.05, 1.0, 20, 0.8559706046826026, 382, 5315, 0
0.01, 0.95, 0.05, 1.0, 20, 0.8624727209592956, 382, 5972, 0
0.01, 0.95, 0.05, 1.0, 20, 0.8418955849823268, 382, 6195, 0
0.01, 0.95, 0.05, 1.0, 20, 0.8403960552669975, 382, 4113, 0
0.01, 0.95, 0.05, 1.0, 20, 0.853818880013799, 382, 4560, 0
0.01, 0.95, 0.05, 1.0, 20, 0.842329977732007, 382, 3775, 0
0.01, 0.95, 0.05, 1.0, 20, 0.8549715734358663, 382, 6808, 0
0.01, 0.95, 0.05, 1.0, 20, 0.8604177296794214, 382, 8016, 0
0.01, 0.95, 0.05, 1.0, 20, 0.8318790993670895, 382, 4972, 0
0.01, 0.95, 0.05, 1.0, 20, 0.8643692442076175, 382, 4794, 0
0.01, 0.95, 0.05, 1.0, 20, 0.8517922252772205, 382, 3390, 0
0.01, 0.95, 0.05, 1.0, 20, 0.8510959084795262, 382, 2935, 0
0.01, 0.95, 0.05, 1.0, 20, 0.8368052062296406, 382, 4145, 0
0.01, 0.95, 0.05, 1.0, 20, 0.8706830840791653, 382, 6325, 0
0.01, 0.95, 0.05, 1.0, 20, 0.8588586342362139, 382, 5055, 0
0.01, 0.95, 0.05, 1.0, 20, 0.8541291857054664, 382, 12283, 0
0.01, 0.95, 0.05, 1.0, 20, 0.8455571022093273, 382, 6864, 0
0.01, 0.95, 0.05, 1.0, 20, 0.8527072372900115, 382, 4491, 0
0.01, 0.95, 0.05, 1.0, 20, 0.8478312476835513, 382, 3536, 0
0.01, 0.95, 0.05, 1.0, 20, 0.7948666706177283, 382, 8048, 0
0.01, 0.95, 0.05, 1.0, 20, 0.8623895525232377, 382, 10531, 0
0.01, 0.95, 0.05, 1.0, 20, 0.8354523909301108, 382, 11202, 0
0.01, 0.95, 0.05, 1.0, 20, 0.8547513111973611, 382, 4141, 0
0.01, 0.95, 0.05, 1.0, 20, 0.8118197411990375, 382, 3864, 0
0.01, 0.95, 0.05, 1.0, 20, 0.8481144971707631, 382, 9704, 0
0.01, 0.95, 0.05, 1.0, 20, 0.8185648006113271, 382, 4903, 0
0.01, 0.95, 0.05, 1.0, 20, 0.8399924333801384, 382, 3841, 0
0.01, 0.95, 0.05, 1.0, 20, 0.8671960168458319, 382, 6093, 0
0.01, 0.95, 0.05, 1.0, 20, 0.8249488643088123, 382, 6150, 0
0.01, 0.95, 0.05, 1.0, 20, 0.8378512790376325, 382, 7465, 0
0.01, 0.95, 0.05, 1.0, 20, 0.8530482675046439, 382, 2538, 0
0.01, 0.95, 0.05, 1.0, 20, 0.8524215822425318, 382, 15277, 0
0.01, 0.95, 0.05, 1.0, 20, 0.8160972291383124, 382, 6753, 0
0.01, 0.95, 0.05, 0.9, 10, 0.7976803935562312, 382, 1484, 0
0.01, 0.95, 0.05, 0.9, 10, 0.8105593249615438, 382, 1790, 0
0.01, 0.95, 0.05, 0.9, 10, 0.7998221191007246, 382, 1858, 0
0.01, 0.95, 0.05, 0.9, 10, 0.8116369392732785, 382, 1663, 0
0.01, 0.95, 0.05, 0.9, 10, 0.7759569863233498, 382, 2452, 0
0.01, 0.95, 0.05, 0.9, 10, 0.7741698781227927, 382, 1671, 0
0.01, 0.95, 0.05, 0.9, 10, 0.8012197034889893, 382, 2987, 0
0.01, 0.95, 0.05, 0.9, 10, 0.8065955159001154, 382, 1768, 0
0.01, 0.95, 0.05, 0.9, 10, 0.81296747239699, 382, 3340, 0
0.01, 0.95, 0.05, 0.9, 10, 0.7694550843214526, 382, 2804, 0
0.01, 0.95, 0.05, 0.9, 10, 0.833290220419618, 382, 3373, 0
0.01, 0.95, 0.05, 0.9, 10, 0.7024072975124468, 382, 2400, 0
0.01, 0.95, 0.05, 0.9, 10, 0.7978394638028706, 382, 2733, 0
0.01, 0.95, 0.05, 0.9, 10, 0.807062532379965, 382, 2123, 0
0.01, 0.95, 0.05, 0.9, 10, 0.8153459239629081, 382, 1720, 0
0.01, 0.95, 0.05, 0.9, 10, 0.7276481524143495, 382, 4791, 0
0.01, 0.95, 0.05, 0.9, 10, 0.7360948184885545, 382, 3641, 0
0.01, 0.95, 0.05, 0.9, 10, 0.7059440714006069, 382, 1886, 0
0.01, 0.95, 0.05, 0.9, 10, 0.7897358689630708, 382, 1831, 0
0.01, 0.95, 0.05, 0.9, 10, 0.8051669082444393, 382, 5321, 0
0.01, 0.95, 0.05, 0.9, 10, 0.799571913522535, 382, 3197, 0
0.01, 0.95, 0.05, 0.9, 10, 0.7540375728715251, 382, 4676, 0
0.01, 0.95, 0.05, 0.9, 10, 0.8154307630128643, 382, 3680, 0
0.01, 0.95, 0.05, 0.9, 10, 0.8135293151350355, 382, 6201, 0
0.01, 0.95, 0.05, 0.9, 10, 0.8049808727440222, 382, 1667, 0
0.01, 0.95, 0.05, 0.9, 10, 0.8081723341187959, 382, 2310, 0
0.01, 0.95, 0.05, 0.9, 10, 0.7859545982911461, 382, 2739, 0
0.01, 0.95, 0.05, 0.9, 10, 0.7945165833115183, 382, 1292, 0
0.01, 0.95, 0.05, 0.9, 10, 0.6427440717394423, 382, 2059, 0
0.01, 0.95, 0.05, 0.9, 10, 0.7921056727328987, 382, 1342, 0
0.01, 0.95, 0.05, 0.9, 10, 0.8003476134622116, 382, 1699, 0
0.01, 0.95, 0.05, 0.9, 10, 0.7829281886796764, 382, 1904, 0
0.01, 0.95, 0.05, 0.9, 10, 0.8093127445613527, 382, 6598, 0
0.01, 0.95, 0.05, 0.9, 10, 0.7901382470547726, 382, 5853, 0
0.01, 0.95, 0.05, 0.9, 10, 0.8212428172813933, 382, 1766, 0
0.01, 0.95, 0.05, 0.9, 10, 0.7882653473899325, 382, 3755, 0
0.01, 0.95, 0.05, 0.9, 10, 0.7984053031966446, 382, 3535, 0
0.01, 0.95, 0.05, 0.9, 10, 0.8330982895602566, 382, 2710, 0
0.01, 0.95, 0.05, 0.9, 10, 0.7492815888737144, 382, 3792, 0
0.01, 0.95, 0.05, 0.9, 10, 0.7867310748612282, 393, 3093, 0
0.01, 0.95, 0.05, 0.9, 10, 0.7981691508184942, 382, 3685, 0
0.01, 0.95, 0.05, 0.9, 10, 0.6841573536124489, 382, 1600, 0
0.01, 0.95, 0.05, 0.9, 10, 0.788554074499498, 382, 2232, 0
0.01, 0.95, 0.05, 0.9, 10, 0.8046725593462424, 382, 1325, 0
0.01, 0.95, 0.05, 0.9, 10, 0.7645155963787938, 382, 2878, 0
0.01, 0.95, 0.05, 0.9, 10, 0.752207586832219, 382, 1354, 0
0.01, 0.95, 0.05, 0.9, 10, 0.8301095664570985, 382, 1710, 0
0.01, 0.95, 0.05, 0.9, 10, 0.7885644364725369, 382, 1559, 0
0.01, 0.95, 0.05, 0.9, 10, 0.7947254232125751, 382, 1534, 0
0.01, 0.95, 0.05, 0.9, 10, 0.8128367134772275, 382, 1282, 0
0.01, 0.95, 0.05, 0.9, 20, 0.8511094295755522, 382, 4833, 0
0.01, 0.95, 0.05, 0.9, 20, 0.8299138693378534, 382, 11221, 0
0.01, 0.95, 0.05, 0.9, 20, 0.8468589250092121, 382, 7678, 0
0.01, 0.95, 0.05, 0.9, 20, 0.8510303374518468, 382, 6538, 0
0.01, 0.95, 0.05, 0.9, 20, 0.8464951177045276, 382, 5255, 0
0.01, 0.95, 0.05, 0.9, 20, 0.8493362605414969, 382, 3765, 0
0.01, 0.95, 0.05, 0.9, 20, 0.8453100047604425, 382, 3090, 0
0.01, 0.95, 0.05, 0.9, 20, 0.8526730060491222, 382, 3677, 0
0.01, 0.95, 0.05, 0.9, 20, 0.8384746112003902, 382, 9240, 0
0.01, 0.95, 0.05, 0.9, 20, 0.8645657837526868, 382, 5348, 0
0.01, 0.95, 0.05, 0.9, 20, 0.8539382291509403, 382, 6612, 0
0.01, 0.95, 0.05, 0.9, 20, 0.8312853926644064, 382, 4253, 0
0.01, 0.95, 0.05, 0.9, 20, 0.8520212081104831, 382, 4190, 0
0.01, 0.95, 0.05, 0.9, 20, 0.8291159911787029, 382, 3795, 0
0.01, 0.95, 0.05, 0.9, 20, 0.8507676963158624, 382, 3106, 0
0.01, 0.95, 0.05, 0.9, 20, 0.867667432451094, 382, 3508, 0
0.01, 0.95, 0.05, 0.9, 20, 0.8452992201854805, 382, 5314, 0
0.01, 0.95, 0.05, 0.9, 20, 0.8371130336952806, 382, 11826, 0
0.01, 0.95, 0.05, 0.9, 20, 0.8468028733275963, 382, 2720, 0
0.01, 0.95, 0.05, 0.9, 20, 0.8130107681309984, 382, 4596, 0
0.01, 0.95, 0.05, 0.9, 20, 0.8403637409915062, 382, 3471, 0
0.01, 0.95, 0.05, 0.9, 20, 0.8320270918548475, 382, 4676, 0
0.01, 0.95, 0.05, 0.9, 20, 0.8300685315564049, 382, 9457, 0
0.01, 0.95, 0.05, 0.9, 20, 0.8259527984036471, 382, 8305, 0
0.01, 0.95, 0.05, 0.9, 20, 0.8285486328546114, 382, 13433, 0
0.01, 0.95, 0.05, 0.9, 20, 0.8403363302604158, 382, 5072, 0
0.01, 0.95, 0.05, 0.9, 20, 0.8082861184780037, 382, 7293, 0
0.01, 0.95, 0.05, 0.9, 20, 0.852627148318903, 382, 2732, 0
0.01, 0.95, 0.05, 0.9, 20, 0.8474216594398963, 382, 3491, 0
0.01, 0.95, 0.05, 0.9, 20, 0.8396215315384079, 382, 13927, 0
0.01, 0.95, 0.05, 0.9, 20, 0.8215315409872876, 382, 10325, 0
0.01, 0.95, 0.05, 0.9, 20, 0.8523407774186615, 382, 3551, 0
0.01, 0.95, 0.05, 0.9, 20, 0.8329285131387647, 382, 4342, 0
0.01, 0.95, 0.05, 0.9, 20, 0.8566604698774125, 382, 4606, 0
0.01, 0.95, 0.05, 0.9, 20, 0.8429085360656446, 382, 8583, 0
0.01, 0.95, 0.05, 0.9, 20, 0.8442617483225251, 382, 6096, 0
0.01, 0.95, 0.05, 0.9, 20, 0.857698819377651, 382, 4070, 0
0.01, 0.95, 0.05, 0.9, 20, 0.8378413805617898, 382, 7657, 0
0.01, 0.95, 0.05, 0.9, 20, 0.8449532900352167, 382, 5612, 0
0.01, 0.95, 0.05, 0.9, 20, 0.833017321056692, 382, 3143, 0
0.01, 0.95, 0.05, 0.9, 20, 0.8524899052403534, 382, 6390, 0
0.01, 0.95, 0.05, 0.9, 20, 0.8622556676048216, 382, 6324, 0
0.01, 0.95, 0.05, 0.9, 20, 0.8510674773270017, 382, 10650, 0
0.01, 0.95, 0.05, 0.9, 20, 0.8342470650569976, 382, 3264, 0
0.01, 0.95, 0.05, 0.9, 20, 0.8435049779010081, 382, 4000, 0
0.01, 0.95, 0.05, 0.9, 20, 0.851295401737494, 382, 3271, 0
0.01, 0.95, 0.05, 0.9, 20, 0.8443910495002536, 382, 4159, 0
0.01, 0.95, 0.05, 0.9, 20, 0.8432073379417925, 382, 4497, 0
0.01, 0.95, 0.05, 0.9, 20, 0.8476541093583464, 382, 5527, 0
0.01, 0.95, 0.05, 0.9, 20, 0.842652233814029, 382, 5412, 0
0.01, 0.95, 0.05, 0.8, 10, 0.7895309758410495, 382, 5124, 1
0.01, 0.95, 0.05, 0.8, 10, 0.8046954856602392, 382, 2178, 0
0.01, 0.95, 0.05, 0.8, 10, 0.7491988030619985, 382, 1315, 0
0.01, 0.95, 0.05, 0.8, 10, 0.8256938996035991, 382, 1884, 0
0.01, 0.95, 0.05, 0.8, 10, 0.7863418888346054, 382, 1583, 0
0.01, 0.95, 0.05, 0.8, 10, 0.7478584093808129, 382, 2079, 0
0.01, 0.95, 0.05, 0.8, 10, 0.8124872791177788, 382, 3233, 0
0.01, 0.95, 0.05, 0.8, 10, 0.8131444024626419, 382, 4236, 0
0.01, 0.95, 0.05, 0.8, 10, 0.7857967445510382, 382, 6123, 0
0.01, 0.95, 0.05, 0.8, 10, 0.7742164990967821, 382, 1900, 0
0.01, 0.95, 0.05, 0.8, 10, 0.7664439281295643, 382, 2449, 0
0.01, 0.95, 0.05, 0.8, 10, 0.8176086144971013, 382, 1845, 0
0.01, 0.95, 0.05, 0.8, 10, 0.803072293371866, 382, 1744, 0
0.01, 0.95, 0.05, 0.8, 10, 0.7979512123381493, 382, 3051, 0
0.01, 0.95, 0.05, 0.8, 10, 0.785331773154838, 382, 5567, 0
0.01, 0.95, 0.05, 0.8, 10, 0.7238212157963473, 382, 3120, 0
0.01, 0.95, 0.05, 0.8, 10, 0.810713895686345, 382, 3310, 0
0.01, 0.95, 0.05, 0.8, 10, 0.7850410229730669, 382, 2199, 0
0.01, 0.95, 0.05, 0.8, 10, 0.7888734533746041, 382, 13640, 1
0.01, 0.95, 0.05, 0.8, 10, 0.7842148428714024, 382, 2633, 0
0.01, 0.95, 0.05, 0.8, 10, 0.8017210959937637, 382, 1793, 0
0.01, 0.95, 0.05, 0.8, 10, 0.7737372185005436, 382, 2801, 0
0.01, 0.95, 0.05, 0.8, 10, 0.7984792562882201, 382, 1651, 0
0.01, 0.95, 0.05, 0.8, 10, 0.7593829236346157, 382, 3124, 0
0.01, 0.95, 0.05, 0.8, 10, 0.7920002184571219, 382, 1828, 0
0.01, 0.95, 0.05, 0.8, 10, 0.66945075433718, 382, 2174, 0
0.01, 0.95, 0.05, 0.8, 10, 0.8158208850544942, 382, 1990, 0
0.01, 0.95, 0.05, 0.8, 10, 0.7527451003252228, 382, 8822, 0
0.01, 0.95, 0.05, 0.8, 10, 0.7948933189689078, 382, 4878, 0
0.01, 0.95, 0.05, 0.8, 10, 0.7510886239185565, 382, 7765, 0
0.01, 0.95, 0.05, 0.8, 10, 0.7935033177040655, 382, 6845, 0
0.01, 0.95, 0.05, 0.8, 10, 0.7390778221415574, 382, 5211, 0
0.01, 0.95, 0.05, 0.8, 10, 0.8235497592381332, 382, 2347, 0
0.01, 0.95, 0.05, 0.8, 10, 0.8144497400754525, 382, 1652, 0
0.01, 0.95, 0.05, 0.8, 10, 0.6993777617004603, 382, 6991, 0
0.01, 0.95, 0.05, 0.8, 10, 0.7555543885242924, 382, 19961, 0
0.01, 0.95, 0.05, 0.8, 10, 0.8067913825253624, 382, 1689, 0
0.01, 0.95, 0.05, 0.8, 10, 0.7927557345816658, 382, 1929, 0
0.01, 0.95, 0.05, 0.8, 10, 0.7999581648086834, 382, 2114, 0
0.01, 0.95, 0.05, 0.8, 10, 0.8103676904323822, 382, 2947, 0
0.01, 0.95, 0.05, 0.8, 10, 0.7755287557610264, 382, 1909, 0
0.01, 0.95, 0.05, 0.8, 10, 0.7727288206185418, 382, 4046, 0
0.01, 0.95, 0.05, 0.8, 10, 0.7945120161571252, 382, 3266, 0
0.01, 0.95, 0.05, 0.8, 10, 0.8107223106771545, 382, 8243, 0
0.01, 0.95, 0.05, 0.8, 10, 0.8022154929536564, 382, 6168, 1
0.01, 0.95, 0.05, 0.8, 10, 0.7975002414818222, 382, 3749, 0
0.01, 0.95, 0.05, 0.8, 10, 0.7705721342788856, 382, 3971, 0
0.01, 0.95, 0.05, 0.8, 10, 0.8053033272578232, 382, 2878, 0
0.01, 0.95, 0.05, 0.8, 10, 0.7118454683821466, 382, 2522, 0
0.01, 0.95, 0.05, 0.8, 10, 0.7741869905202784, 382, 3137, 0
0.01, 0.95, 0.05, 0.8, 20, 0.8519009668625415, 382, 4464, 0
0.01, 0.95, 0.05, 0.8, 20, 0.8504457284583291, 382, 2827, 0
0.01, 0.95, 0.05, 0.8, 20, 0.8675670226521468, 382, 7349, 0
0.01, 0.95, 0.05, 0.8, 20, 0.8487350351476219, 382, 8343, 0
0.01, 0.95, 0.05, 0.8, 20, 0.8276301765222249, 382, 12181, 0
0.01, 0.95, 0.05, 0.8, 20, 0.8558324830132752, 382, 3602, 0
0.01, 0.95, 0.05, 0.8, 20, 0.8453077618946298, 382, 4456, 0
0.01, 0.95, 0.05, 0.8, 20, 0.8632004765600271, 382, 5116, 0
0.01, 0.95, 0.05, 0.8, 20, 0.8500892141938916, 382, 7136, 0
0.01, 0.95, 0.05, 0.8, 20, 0.8583088850390148, 382, 6203, 0
0.01, 0.95, 0.05, 0.8, 20, 0.8413260167469088, 382, 14697, 0
0.01, 0.95, 0.05, 0.8, 20, 0.8358225623189907, 382, 4735, 0
0.01, 0.95, 0.05, 0.8, 20, 0.8678071017539305, 382, 11909, 0
0.01, 0.95, 0.05, 0.8, 20, 0.8454008182085483, 382, 7817, 0
0.01, 0.95, 0.05, 0.8, 20, 0.8574366507149693, 382, 10628, 0
0.01, 0.95, 0.05, 0.8, 20, 0.8680641319070774, 382, 5864, 0
0.01, 0.95, 0.05, 0.8, 20, 0.8457502596222578, 382, 6513, 0
0.01, 0.95, 0.05, 0.8, 20, 0.8211843506715637, 382, 6207, 0
0.01, 0.95, 0.05, 0.8, 20, 0.8691026156132111, 382, 6933, 0
0.01, 0.95, 0.05, 0.8, 20, 0.8626417440084971, 382, 10523, 0
0.01, 0.95, 0.05, 0.8, 20, 0.8586083143767281, 382, 7163, 0
0.01, 0.95, 0.05, 0.8, 20, 0.8611323735759898, 382, 9343, 0
0.01, 0.95, 0.05, 0.8, 20, 0.8513475748147131, 382, 4288, 0
0.01, 0.95, 0.05, 0.8, 20, 0.8292242140481256, 382, 3294, 0
0.01, 0.95, 0.05, 0.8, 20, 0.8478922743935235, 382, 7676, 0
0.01, 0.95, 0.05, 0.8, 20, 0.8210337771526958, 382, 17412, 0
0.01, 0.95, 0.05, 0.8, 20, 0.8698785397324845, 382, 3264, 0
0.01, 0.95, 0.05, 0.8, 20, 0.8590735384824209, 382, 2773, 0
0.01, 0.95, 0.05, 0.8, 20, 0.8382635122555627, 382, 10776, 0
0.01, 0.95, 0.05, 0.8, 20, 0.8551209589407467, 382, 5287, 0
0.01, 0.95, 0.05, 0.8, 20, 0.852671830861787, 382, 8512, 0
0.01, 0.95, 0.05, 0.8, 20, 0.8656797668592585, 382, 4613, 0
0.01, 0.95, 0.05, 0.8, 20, 0.8623868402196527, 382, 6690, 0
0.01, 0.95, 0.05, 0.8, 20, 0.8557543176566409, 382, 4690, 0
0.01, 0.95, 0.05, 0.8, 20, 0.86394999520632, 382, 5693, 0
0.01, 0.95, 0.05, 0.8, 20, 0.843912926703337, 382, 26166, 1
0.01, 0.95, 0.05, 0.8, 20, 0.850147054302372, 382, 5388, 0
0.01, 0.95, 0.05, 0.8, 20, 0.8571543017743667, 382, 4290, 0
0.01, 0.95, 0.05, 0.8, 20, 0.8525562573239067, 382, 4306, 0
0.01, 0.95, 0.05, 0.8, 20, 0.8446267215074311, 382, 9130, 0
0.01, 0.95, 0.05, 0.8, 20, 0.8580902774715848, 382, 9277, 0
0.01, 0.95, 0.05, 0.8, 20, 0.8304399428210673, 382, 10469, 0
0.01, 0.95, 0.05, 0.8, 20, 0.857714054393718, 382, 6571, 0
0.01, 0.95, 0.05, 0.8, 20, 0.8509421252740333, 382, 8199, 0
0.01, 0.95, 0.05, 0.8, 20, 0.8631585600433215, 382, 5949, 0
0.01, 0.95, 0.05, 0.8, 20, 0.8229292691672937, 382, 4749, 0
0.01, 0.95, 0.05, 0.8, 20, 0.8409559465061898, 382, 3021, 0
0.01, 0.95, 0.05, 0.8, 20, 0.8331322023950698, 382, 4803, 0
0.01, 0.95, 0.05, 0.8, 20, 0.8407142524593235, 382, 8666, 0
0.01, 0.95, 0.05, 0.8, 20, 0.8453282393237264, 382, 7430, 0
0.01, 0.95, 0.01, 1.0, 10, 0.7776358070811398, 424, 5242, 0
0.01, 0.95, 0.01, 1.0, 10, 0.8199261908586107, 414, 2760, 0
0.01, 0.95, 0.01, 1.0, 10, 0.8164515499147149, 420, 2319, 0
0.01, 0.95, 0.01, 1.0, 10, 0.7811044691469972, 413, 3134, 0
0.01, 0.95, 0.01, 1.0, 10, 0.7902855590671476, 403, 1532, 0
0.01, 0.95, 0.01, 1.0, 10, 0.8015569251913827, 422, 2312, 0
0.01, 0.95, 0.01, 1.0, 10, 0.7993981861419132, 417, 2017, 0
0.01, 0.95, 0.01, 1.0, 10, 0.7341751331513366, 415, 2436, 0
0.01, 0.95, 0.01, 1.0, 10, 0.7928679688136828, 439, 1875, 0
0.01, 0.95, 0.01, 1.0, 10, 0.6635848342871109, 408, 2515, 0
0.01, 0.95, 0.01, 1.0, 10, 0.7923692215737889, 405, 4384, 0
0.01, 0.95, 0.01, 1.0, 10, 0.7910396967793448, 422, 4047, 0
0.01, 0.95, 0.01, 1.0, 10, 0.7445914633908518, 418, 3850, 0
0.01, 0.95, 0.01, 1.0, 10, 0.791281827405402, 419, 5593, 0
0.01, 0.95, 0.01, 1.0, 10, 0.8167945976587225, 419, 3601, 0
0.01, 0.95, 0.01, 1.0, 10, 0.7923306169252204, 423, 2810, 0
0.01, 0.95, 0.01, 1.0, 10, 0.7772137459931874, 415, 3097, 0
0.01, 0.95, 0.01, 1.0, 10, 0.7990182092940942, 413, 2191, 0
0.01, 0.95, 0.01, 1.0, 10, 0.7369220100148297, 408, 1837, 0
0.01, 0.95, 0.01, 1.0, 10, 0.7853583890940853, 431, 2453, 0
0.01, 0.95, 0.01, 1.0, 10, 0.7787387896678166, 417, 3263, 0
0.01, 0.95, 0.01, 1.0, 10, 0.7694911720496573, 412, 7586, 0
0.01, 0.95, 0.01, 1.0, 10, 0.7710025434809626, 412, 6867, 0
0.01, 0.95, 0.01, 1.0, 10, 0.7626907059968688, 421, 5929, 0
0.01, 0.95, 0.01, 1.0, 10, 0.7821107524291749, 421, 1764, 0
0.01, 0.95, 0.01, 1.0, 10, 0.7508515420939729, 423, 2759, 0
0.01, 0.95, 0.01, 1.0, 10, 0.7546479504211504, 413, 2504, 0
0.01, 0.95, 0.01, 1.0, 10, 0.7852635418438644, 434, 5248, 0
0.01, 0.95, 0.01, 1.0, 10, 0.7701218389640385, 410, 10341, 0
0.01, 0.95, 0.01, 1.0, 10, 0.7757820831070221, 412, 4135, 0
0.01, 0.95, 0.01, 1.0, 10, 0.7500687503125514, 425, 3266, 0
0.01, 0.95, 0.01, 1.0, 10, 0.7832667658071615, 414, 3465, 0
0.01, 0.95, 0.01, 1.0, 10, 0.7853005071105874, 423, 2930, 0
0.01, 0.95, 0.01, 1.0, 10, 0.784728967286605, 429, 4322, 0
0.01, 0.95, 0.01, 1.0, 10, 0.7906704451513741, 416, 4770, 0
0.01, 0.95, 0.01, 1.0, 10, 0.7833634968171381, 407, 4604, 0
0.01, 0.95, 0.01, 1.0, 10, 0.8232408995784178, 416, 2610, 0
0.01, 0.95, 0.01, 1.0, 10, 0.6729564894158495, 404, 4172, 0
0.01, 0.95, 0.01, 1.0, 10, 0.7568310013173936, 425, 3776, 0
0.01, 0.95, 0.01, 1.0, 10, 0.813330243614172, 419, 3138, 0
0.01, 0.95, 0.01, 1.0, 10, 0.7951728962870055, 422, 3697, 0
0.01, 0.95, 0.01, 1.0, 10, 0.7709265847100029, 417, 4284, 0
0.01, 0.95, 0.01, 1.0, 10, 0.7942658418282266, 410, 2571, 0
0.01, 0.95, 0.01, 1.0, 10, 0.7864712617494866, 421, 4391, 0
0.01, 0.95, 0.01, 1.0, 10, 0.8006101431445323, 432, 7899, 0
0.01, 0.95, 0.01, 1.0, 10, 0.7905466088491805, 421, 4224, 0
0.01, 0.95, 0.01, 1.0, 10, 0.7963403539084939, 421, 3406, 0
0.01, 0.95, 0.01, 1.0, 10, 0.7953271931256872, 427, 3328, 0
0.01, 0.95, 0.01, 1.0, 10, 0.8047328901531772, 418, 21952, 0
0.01, 0.95, 0.01, 1.0, 10, 0.8120076943799226, 424, 6992, 0
0.01, 0.95, 0.01, 1.0, 20, 0.8401153182289213, 418, 8311, 0
0.01, 0.95, 0.01, 1.0, 20, 0.8304413286574027, 439, 14025, 0
0.01, 0.95, 0.01, 1.0, 20, 0.8639569472019275, 422, 5867, 0
0.01, 0.95, 0.01, 1.0, 20, 0.8372098982080979, 426, 8922, 0
0.01, 0.95, 0.01, 1.0, 20, 0.8489220252090602, 438, 6808, 0
0.01, 0.95, 0.01, 1.0, 20, 0.8421036036241403, 430, 11677, 0
0.01, 0.95, 0.01, 1.0, 20, 0.8567594463793362, 423, 15058, 0
0.01, 0.95, 0.01, 1.0, 20, 0.8489826790501258, 420, 8208, 0
0.01, 0.95, 0.01, 1.0, 20, 0.8563684153585611, 382, 15593, 0
0.01, 0.95, 0.01, 1.0, 20, 0.8424680549044049, 425, 9569, 0
0.01, 0.95, 0.01, 1.0, 20, 0.8477890560404355, 429, 7765, 0
0.01, 0.95, 0.01, 1.0, 20, 0.8245579906950126, 417, 8069, 0
0.01, 0.95, 0.01, 1.0, 20, 0.8649568105347788, 432, 5012, 0
0.01, 0.95, 0.01, 1.0, 20, 0.8157366207472957, 414, 10823, 0
0.01, 0.95, 0.01, 1.0, 20, 0.8574870954254572, 382, 11936, 0
0.01, 0.95, 0.01, 1.0, 20, 0.8435222292450266, 419, 30349, 0
0.01, 0.95, 0.01, 1.0, 20, 0.8440690472752957, 414, 11566, 0
0.01, 0.95, 0.01, 1.0, 20, 0.80728466647143, 414, 8943, 0
0.01, 0.95, 0.01, 1.0, 20, 0.8436342955512219, 382, 5348, 0
0.01, 0.95, 0.01, 1.0, 20, 0.8349124410583019, 382, 9572, 0
0.01, 0.95, 0.01, 1.0, 20, 0.84831420991127, 418, 19557, 0
0.01, 0.95, 0.01, 1.0, 20, 0.8585034379082979, 425, 5994, 0
0.01, 0.95, 0.01, 1.0, 20, 0.8215835289776654, 426, 9905, 0
0.01, 0.95, 0.01, 1.0, 20, 0.8400294522610324, 382, 5573, 0
0.01, 0.95, 0.01, 1.0, 20, 0.8538482386019522, 423, 7408, 0
0.01, 0.95, 0.01, 1.0, 20, 0.8421990626731939, 417, 9546, 0
0.01, 0.95, 0.01, 1.0, 20, 0.8398313690051635, 382, 10155, 0
0.01, 0.95, 0.01, 1.0, 20, 0.850290812131967, 424, 9277, 0
0.01, 0.95, 0.01, 1.0, 20, 0.841905713695143, 426, 10846, 0
0.01, 0.95, 0.01, 1.0, 20, 0.8394718145484271, 420, 5572, 0
0.01, 0.95, 0.01, 1.0, 20, 0.8390331004117302, 418, 4734, 0
0.01, 0.95, 0.01, 1.0, 20, 0.840815991031279, 414, 14573, 0
0.01, 0.95, 0.01, 1.0, 20, 0.8442656325966895, 424, 7148, 0
0.01, 0.95, 0.01, 1.0, 20, 0.8503464360835973, 415, 7216, 0
0.01, 0.95, 0.01, 1.0, 20, 0.8560114098132653, 429, 9471, 0
0.01, 0.95, 0.01, 1.0, 20, 0.8517001384231588, 382, 6268, 0
0.01, 0.95, 0.01, 1.0, 20, 0.8372772216737284, 420, 9350, 0
0.01, 0.95, 0.01, 1.0, 20, 0.8472533385273311, 412, 10713, 0
0.01, 0.95, 0.01, 1.0, 20, 0.825582676023395, 418, 6842, 0
0.01, 0.95, 0.01, 1.0, 20, 0.8218034536089927, 416, 11541, 0
0.01, 0.95, 0.01, 1.0, 20, 0.8438621756491905, 422, 12352, 0
0.01, 0.95, 0.01, 1.0, 20, 0.8545452624803305, 410, 13764, 0
0.01, 0.95, 0.01, 1.0, 20, 0.8495275727931835, 411, 7451, 0
0.01, 0.95, 0.01, 1.0, 20, 0.827239257220498, 430, 8193, 0
0.01, 0.95, 0.01, 1.0, 20, 0.8515057419573141, 422, 4603, 0
0.01, 0.95, 0.01, 1.0, 20, 0.847688199888482, 418, 9637, 0
0.01, 0.95, 0.01, 1.0, 20, 0.8664536116948294, 382, 5703, 0
0.01, 0.95, 0.01, 1.0, 20, 0.8539479028730677, 384, 7554, 0
0.01, 0.95, 0.01, 1.0, 20, 0.8556392557538849, 382, 5746, 0
0.01, 0.95, 0.01, 1.0, 20, 0.8449622324112221, 411, 8988, 0
0.01, 0.95, 0.01, 0.9, 10, 0.7976320768912728, 422, 3394, 0
0.01, 0.95, 0.01, 0.9, 10, 0.8019168434040602, 417, 3515, 0
0.01, 0.95, 0.01, 0.9, 10, 0.778917688867589, 421, 2867, 0
0.01, 0.95, 0.01, 0.9, 10, 0.7932940389415931, 412, 9364, 0
0.01, 0.95, 0.01, 0.9, 10, 0.8022903228736166, 419, 3788, 0
0.01, 0.95, 0.01, 0.9, 10, 0.7503358968102615, 422, 4212, 0
0.01, 0.95, 0.01, 0.9, 10, 0.7462471126279908, 424, 3853, 0
0.01, 0.95, 0.01, 0.9, 10, 0.8109339291412155, 419, 3843, 0
0.01, 0.95, 0.01, 0.9, 10, 0.7683409868383346, 416, 3878, 0
0.01, 0.95, 0.01, 0.9, 10, 0.7627999856847767, 423, 4207, 0
0.01, 0.95, 0.01, 0.9, 10, 0.7378065308798178, 410, 4246, 0
0.01, 0.95, 0.01, 0.9, 10, 0.813700363110404, 423, 2817, 0
0.01, 0.95, 0.01, 0.9, 10, 0.7726779109248793, 422, 7762, 0
0.01, 0.95, 0.01, 0.9, 10, 0.8206711866441796, 418, 3892, 0
0.01, 0.95, 0.01, 0.9, 10, 0.762270516571684, 416, 2781, 0
0.01, 0.95, 0.01, 0.9, 10, 0.8180092112576717, 411, 3262, 0
0.01, 0.95, 0.01, 0.9, 10, 0.8054737782754106, 417, 3979, 0
0.01, 0.95, 0.01, 0.9, 10, 0.8172990361652627, 423, 3076, 0
0.01, 0.95, 0.01, 0.9, 10, 0.768747304987927, 413, 3032, 0
0.01, 0.95, 0.01, 0.9, 10, 0.762497590703883, 427, 4051, 0
0.01, 0.95, 0.01, 0.9, 10, 0.7920650736370962, 420, 6096, 0
0.01, 0.95, 0.01, 0.9, 10, 0.7675707257061684, 420, 5010, 0
0.01, 0.95, 0.01, 0.9, 10, 0.8049057202774027, 411, 4513, 0
0.01, 0.95, 0.01, 0.9, 10, 0.7273711160443267, 407, 5087, 0
0.01, 0.95, 0.01, 0.9, 10, 0.7833864013203427, 411, 4250, 0
0.01, 0.95, 0.01, 0.9, 10, 0.7984455717587394, 414, 3924, 0
0.01, 0.95, 0.01, 0.9, 10, 0.8136204486865262, 408, 3373, 0
0.01, 0.95, 0.01, 0.9, 10, 0.8027731734962192, 419, 3589, 0
0.01, 0.95, 0.01, 0.9, 10, 0.4921977796337654, 427, 4206, 0
0.01, 0.95, 0.01, 0.9, 10, 0.7978796410208143, 403, 14606, 0
0.01, 0.95, 0.01, 0.9, 10, 0.7535815040932445, 430, 9476, 0
0.01, 0.95, 0.01, 0.9, 10, 0.7786113707344439, 407, 3245, 0
0.01, 0.95, 0.01, 0.9, 10, 0.8193395249733343, 412, 4951, 0
0.01, 0.95, 0.01, 0.9, 10, 0.7790692578436055, 425, 3198, 0
0.01, 0.95, 0.01, 0.9, 10, 0.7519781586205522, 429, 5152, 0
0.01, 0.95, 0.01, 0.9, 10, 0.7744409369414811, 421, 2797, 0
0.01, 0.95, 0.01, 0.9, 10, 0.8086694820507936, 442, 3126, 0
0.01, 0.95, 0.01, 0.9, 10, 0.8136083082917467, 421, 4585, 0
0.01, 0.95, 0.01, 0.9, 10, 0.7871393126000621, 428, 11580, 0
0.01, 0.95, 0.01, 0.9, 10, 0.8017842122005029, 431, 4686, 0
0.01, 0.95, 0.01, 0.9, 10, 0.5835855190524956, 412, 8369, 0
0.01, 0.95, 0.01, 0.9, 10, 0.7105431633151303, 420, 3823, 0
0.01, 0.95, 0.01, 0.9, 10, 0.7911690657095318, 409, 5337, 0
0.01, 0.95, 0.01, 0.9, 10, 0.8227699203867455, 419, 3598, 0
0.01, 0.95, 0.01, 0.9, 10, 0.7969543838830941, 428, 5019, 0
0.01, 0.95, 0.01, 0.9, 10, 0.8075546295211914, 412, 2501, 0
0.01, 0.95, 0.01, 0.9, 10, 0.7523742088125119, 403, 5619, 0
0.01, 0.95, 0.01, 0.9, 10, 0.7337891769467674, 422, 3348, 0
0.01, 0.95, 0.01, 0.9, 10, 0.8239307310969894, 414, 5413, 0
0.01, 0.95, 0.01, 0.9, 10, 0.783210251518562, 412, 6511, 0
0.01, 0.95, 0.01, 0.9, 20, 0.8466723958327583, 415, 7353, 0
0.01, 0.95, 0.01, 0.9, 20, 0.8423371512125593, 382, 5663, 0
0.01, 0.95, 0.01, 0.9, 20, 0.8572387318993342, 382, 6495, 0
0.01, 0.95, 0.01, 0.9, 20, 0.8508782296963422, 424, 12897, 0
0.01, 0.95, 0.01, 0.9, 20, 0.8524296917035853, 415, 7317, 0
0.01, 0.95, 0.01, 0.9, 20, 0.8615532975706438, 431, 5739, 0
0.01, 0.95, 0.01, 0.9, 20, 0.8269557696214439, 412, 14081, 0
0.01, 0.95, 0.01, 0.9, 20, 0.8410887260286902, 382, 10580, 0
0.01, 0.95, 0.01, 0.9, 20, 0.8477896260227323, 414, 14486, 0
0.01, 0.95, 0.01, 0.9, 20, 0.8476518794653488, 382, 7771, 0
0.01, 0.95, 0.01, 0.9, 20, 0.8469686240173294, 418, 7908, 0
0.01, 0.95, 0.01, 0.9, 20, 0.841334660951871, 427, 6070, 0
0.01, 0.95, 0.01, 0.9, 20, 0.8354906982112642, 382, 8745, 0
0.01, 0.95, 0.01, 0.9, 20, 0.840518841772561, 417, 12263, 0
0.01, 0.95, 0.01, 0.9, 20, 0.8367131535746719, 424, 5930, 0
0.01, 0.95, 0.01, 0.9, 20, 0.8478806853157594, 427, 7984, 0
0.01, 0.95, 0.01, 0.9, 20, 0.8607049296658198, 424, 6516, 0
0.01, 0.95, 0.01, 0.9, 20, 0.8563411391368105, 424, 6056, 0
0.01, 0.95, 0.01, 0.9, 20, 0.8451725397984682, 436, 7595, 0
0.01, 0.95, 0.01, 0.9, 20, 0.8636225517322953, 382, 7628, 0
0.01, 0.95, 0.01, 0.9, 20, 0.8361113115888857, 382, 7203, 0
0.01, 0.95, 0.01, 0.9, 20, 0.8488953072443484, 416, 10377, 0
0.01, 0.95, 0.01, 0.9, 20, 0.8493984019303896, 382, 11265, 0
0.01, 0.95, 0.01, 0.9, 20, 0.8483420447618851, 419, 7716, 0
0.01, 0.95, 0.01, 0.9, 20, 0.858379253481273, 382, 6989, 0
0.01, 0.95, 0.01, 0.9, 20, 0.8663028391034829, 421, 9212, 0
0.01, 0.95, 0.01, 0.9, 20, 0.8262740054166565, 419, 11588, 0
0.01, 0.95, 0.01, 0.9, 20, 0.830429733277239, 424, 6487, 0
0.01, 0.95, 0.01, 0.9, 20, 0.8579517611576071, 428, 5718, 0
0.01, 0.95, 0.01, 0.9, 20, 0.8596832767786072, 433, 8766, 0
0.01, 0.95, 0.01, 0.9, 20, 0.8027848058770006, 427, 13643, 0
0.01, 0.95, 0.01, 0.9, 20, 0.7999230731555639, 434, 7278, 0
0.01, 0.95, 0.01, 0.9, 20, 0.8502609072495186, 382, 8075, 0
0.01, 0.95, 0.01, 0.9, 20, 0.8227280910659113, 415, 8028, 0
0.01, 0.95, 0.01, 0.9, 20, 0.8455546930662706, 421, 5614, 0
0.01, 0.95, 0.01, 0.9, 20, 0.8600527845067346, 382, 7010, 0
0.01, 0.95, 0.01, 0.9, 20, 0.8648678556418493, 382, 5154, 0
0.01, 0.95, 0.01, 0.9, 20, 0.8423588037998461, 422, 8920, 0
0.01, 0.95, 0.01, 0.9, 20, 0.8581206505297815, 408, 5803, 0
0.01, 0.95, 0.01, 0.9, 20, 0.851069079457053, 419, 6173, 0
0.01, 0.95, 0.01, 0.9, 20, 0.8567929490690331, 424, 9021, 0
0.01, 0.95, 0.01, 0.9, 20, 0.8392212446085769, 412, 9853, 0
0.01, 0.95, 0.01, 0.9, 20, 0.8328752520194721, 421, 14572, 0
0.01, 0.95, 0.01, 0.9, 20, 0.858352265721998, 426, 10262, 0
0.01, 0.95, 0.01, 0.9, 20, 0.8403153212908031, 412, 7912, 0
0.01, 0.95, 0.01, 0.9, 20, 0.8534502706326548, 421, 5552, 0
0.01, 0.95, 0.01, 0.9, 20, 0.8455533273889816, 427, 6815, 0
0.01, 0.95, 0.01, 0.9, 20, 0.8469694883693935, 422, 6955, 0
0.01, 0.95, 0.01, 0.9, 20, 0.849697890332889, 420, 5228, 0
0.01, 0.95, 0.01, 0.9, 20, 0.8481728097137581, 425, 10691, 0
0.01, 0.95, 0.01, 0.8, 10, 0.7503652125955613, 404, 3943, 0
0.01, 0.95, 0.01, 0.8, 10, 0.8116385034484264, 416, 4059, 0
0.01, 0.95, 0.01, 0.8, 10, 0.8070227322907368, 426, 2841, 0
0.01, 0.95, 0.01, 0.8, 10, 0.7860785575531347, 428, 3698, 0
0.01, 0.95, 0.01, 0.8, 10, 0.8020104604522343, 423, 3645, 0
0.01, 0.95, 0.01, 0.8, 10, 0.831234060253007, 421, 3463, 0
0.01, 0.95, 0.01, 0.8, 10, 0.7468346600157647, 417, 3540, 0
0.01, 0.95, 0.01, 0.8, 10, 0.8082821497994734, 427, 3411, 0
0.01, 0.95, 0.01, 0.8, 10, 0.7842967701176254, 418, 3724, 0
0.01, 0.95, 0.01, 0.8, 10, 0.800467810532858, 426, 8190, 0
0.01, 0.95, 0.01, 0.8, 10, 0.8089375905974729, 419, 4258, 0
0.01, 0.95, 0.01, 0.8, 10, 0.7974626947308188, 413, 8703, 0
0.01, 0.95, 0.01, 0.8, 10, 0.8069323566749925, 413, 4011, 0
0.01, 0.95, 0.01, 0.8, 10, 0.785728615133478, 409, 4400, 0
0.01, 0.95, 0.01, 0.8, 10, 0.7959793347487699, 416, 3800, 0
0.01, 0.95, 0.01, 0.8, 10, 0.7844659977819306, 415, 4471, 0
0.01, 0.95, 0.01, 0.8, 10, 0.8149910784883165, 409, 3700, 0
0.01, 0.95, 0.01, 0.8, 10, 0.7818094149141851, 413, 4052, 0
0.01, 0.95, 0.01, 0.8, 10, 0.7334580604510551, 434, 7351, 1
0.01, 0.95, 0.01, 0.8, 10, 0.7958218053235344, 429, 4412, 0
0.01, 0.95, 0.01, 0.8, 10, 0.7957797132027105, 438, 5374, 0
0.01, 0.95, 0.01, 0.8, 10, 0.7825708446924026, 415, 15968, 0
0.01, 0.95, 0.01, 0.8, 10, 0.780294474441334, 415, 4496, 0
0.01, 0.95, 0.01, 0.8, 10, 0.7771279101519982, 427, 8014, 0
0.01, 0.95, 0.01, 0.8, 10, 0.8131578363302419, 422, 6284, 0
0.01, 0.95, 0.01, 0.8, 10, 0.7355473025242648, 409, 3750, 0
0.01, 0.95, 0.01, 0.8, 10, 0.8201637042086698, 417, 3494, 0
0.01, 0.95, 0.01, 0.8, 10, 0.7757840406286035, 419, 5067, 0
0.01, 0.95, 0.01, 0.8, 10, 0.7463517023682545, 419, 3365, 0
0.01, 0.95, 0.01, 0.8, 10, 0.786390145052105, 428, 4010, 1
0.01, 0.95, 0.01, 0.8, 10, 0.7935522794451767, 419, 3399, 0
0.01, 0.95, 0.01, 0.8, 10, 0.8020416590830702, 424, 3528, 0
0.01, 0.95, 0.01, 0.8, 10, 0.7962972662090232, 413, 3390, 0
0.01, 0.95, 0.01, 0.8, 10, 0.6763749318164948, 412, 4008, 0
0.01, 0.95, 0.01, 0.8, 10, 0.6958787195770716, 415, 9763, 0
0.01, 0.95, 0.01, 0.8, 10, 0.7779400211101791, 431, 5142, 0
0.01, 0.95, 0.01, 0.8, 10, 0.7554538122176006, 421, 7715, 0
0.01, 0.95, 0.01, 0.8, 10, 0.7961654329147034, 420, 3596, 0
0.01, 0.95, 0.01, 0.8, 10, 0.7763275159909487, 418, 5000, 0
0.01, 0.95, 0.01, 0.8, 10, 0.8323507426448719, 416, 2810, 0
0.01, 0.95, 0.01, 0.8, 10, 0.8078584361652849, 413, 3005, 0
0.01, 0.95, 0.01, 0.8, 10, 0.686341161537583, 415, 3607, 0
0.01, 0.95, 0.01, 0.8, 10, 0.780008231103334, 415, 5423, 0
0.01, 0.95, 0.01, 0.8, 10, 0.7486808408150231, 417, 8969, 0
0.01, 0.95, 0.01, 0.8, 10, 0.8091797519926037, 417, 6509, 0
0.01, 0.95, 0.01, 0.8, 10, 0.8111962628681771, 419, 14276, 1
0.01, 0.95, 0.01, 0.8, 10, 0.606219756442884, 405, 13657, 0
0.01, 0.95, 0.01, 0.8, 10, 0.8143328867063286, 421, 9031, 0
0.01, 0.95, 0.01, 0.8, 10, 0.7908588790829992, 427, 2826, 0
0.01, 0.95, 0.01, 0.8, 10, 0.7974509090640117, 433, 7820, 0
0.01, 0.95, 0.01, 0.8, 20, 0.8506395222576005, 417, 12465, 0
0.01, 0.95, 0.01, 0.8, 20, 0.8509375903747799, 420, 9626, 0
0.01, 0.95, 0.01, 0.8, 20, 0.8510079206221339, 420, 8143, 0
0.01, 0.95, 0.01, 0.8, 20, 0.8448207991440079, 424, 7776, 0
0.01, 0.95, 0.01, 0.8, 20, 0.8412389308730654, 382, 7464, 0
0.01, 0.95, 0.01, 0.8, 20, 0.864164963368326, 382, 6048, 0
0.01, 0.95, 0.01, 0.8, 20, 0.8594600966258962, 417, 6623, 0
0.01, 0.95, 0.01, 0.8, 20, 0.8372679589056562, 423, 9209, 0
0.01, 0.95, 0.01, 0.8, 20, 0.8707890524550476, 415, 5567, 0
0.01, 0.95, 0.01, 0.8, 20, 0.8422133317525098, 382, 6144, 0
0.01, 0.95, 0.01, 0.8, 20, 0.836199558115799, 426, 6423, 0
0.01, 0.95, 0.01, 0.8, 20, 0.8224231028497442, 429, 12354, 0
0.01, 0.95, 0.01, 0.8, 20, 0.8500406921250161, 425, 15919, 0
0.01, 0.95, 0.01, 0.8, 20, 0.8462017534767183, 421, 13060, 0
0.01, 0.95, 0.01, 0.8, 20, 0.8276172303849361, 415, 6267, 0
0.01, 0.95, 0.01, 0.8, 20, 0.8249708922431518, 415, 9802, 0
0.01, 0.95, 0.01, 0.8, 20, 0.8433318826737927, 382, 12445, 0
0.01, 0.95, 0.01, 0.8, 20, 0.8302522728057615, 416, 7319, 0
0.01, 0.95, 0.01, 0.8, 20, 0.8397348691703785, 429, 6279, 0
0.01, 0.95, 0.01, 0.8, 20, 0.8477716637559969, 423, 7995, 0
0.01, 0.95, 0.01, 0.8, 20, 0.832199230987173, 424, 6116, 0
0.01, 0.95, 0.01, 0.8, 20, 0.8316824236961646, 432, 12006, 0
0.01, 0.95, 0.01, 0.8, 20, 0.8573437871205809, 382, 6115, 0
0.01, 0.95, 0.01, 0.8, 20, 0.8170381096633688, 432, 15765, 1
0.01, 0.95, 0.01, 0.8, 20, 0.8558019393757348, 415, 8686, 0
0.01, 0.95, 0.01, 0.8, 20, 0.850844213499812, 382, 5435, 0
0.01, 0.95, 0.01, 0.8, 20, 0.7914299934165363, 414, 12783, 0
0.01, 0.95, 0.01, 0.8, 20, 0.86387674485697, 382, 6952, 0
0.01, 0.95, 0.01, 0.8, 20, 0.8575675789623592, 382, 10677, 0
0.01, 0.95, 0.01, 0.8, 20, 0.854446838160556, 419, 10028, 0
0.01, 0.95, 0.01, 0.8, 20, 0.84481674986649, 440, 6790, 0
0.01, 0.95, 0.01, 0.8, 20, 0.8646307161504243, 414, 6781, 0
0.01, 0.95, 0.01, 0.8, 20, 0.8508718602032597, 382, 9727, 0
0.01, 0.95, 0.01, 0.8, 20, 0.8487788803097215, 415, 5559, 0
0.01, 0.95, 0.01, 0.8, 20, 0.843930320274377, 414, 17962, 0
0.01, 0.95, 0.01, 0.8, 20, 0.8647155487737073, 410, 12749, 0
0.01, 0.95, 0.01, 0.8, 20, 0.8634627917122999, 382, 12846, 0
0.01, 0.95, 0.01, 0.8, 20, 0.8273822718586434, 416, 13538, 0
0.01, 0.95, 0.01, 0.8, 20, 0.8470370584909982, 414, 5114, 0
0.01, 0.95, 0.01, 0.8, 20, 0.8448243183369749, 416, 4896, 0
0.01, 0.95, 0.01, 0.8, 20, 0.8363629443662839, 382, 10736, 0
0.01, 0.95, 0.01, 0.8, 20, 0.8433359855762336, 423, 6992, 0
0.01, 0.95, 0.01, 0.8, 20, 0.8414394285207315, 428, 11655, 0
0.01, 0.95, 0.01, 0.8, 20, 0.8207615423046778, 417, 8346, 0
0.01, 0.95, 0.01, 0.8, 20, 0.8417924452054502, 427, 10102, 0
0.01, 0.95, 0.01, 0.8, 20, 0.8542237565492576, 425, 11709, 0
0.01, 0.95, 0.01, 0.8, 20, 0.8484724948494646, 422, 7500, 0
0.01, 0.95, 0.01, 0.8, 20, 0.8561778907797023, 382, 4793, 0
0.01, 0.95, 0.01, 0.8, 20, 0.8245147318103668, 382, 8517, 0
0.01, 0.95, 0.01, 0.8, 20, 0.8619579925228457, 382, 4747, 0
0.01, 0.95, 0.001, 1.0, 10, 0.8032852841877333, 958, 7988, 0
0.01, 0.95, 0.001, 1.0, 10, 0.7863839409005796, 883, 7752, 0
0.01, 0.95, 0.001, 1.0, 10, 0.7858742267851635, 833, 7442, 0
0.01, 0.95, 0.001, 1.0, 10, 0.7899954227862175, 999, 10037, 0
0.01, 0.95, 0.001, 1.0, 10, 0.8194040471384759, 741, 4843, 0
0.01, 0.95, 0.001, 1.0, 10, 0.7492414960008472, 766, 6490, 0
0.01, 0.95, 0.001, 1.0, 10, 0.8037886804609391, 877, 8437, 0
0.01, 0.95, 0.001, 1.0, 10, 0.7411834071159854, 786, 9079, 0
0.01, 0.95, 0.001, 1.0, 10, 0.816095700014784, 797, 6608, 0
0.01, 0.95, 0.001, 1.0, 10, 0.7866428709225889, 840, 9124, 0
0.01, 0.95, 0.001, 1.0, 10, 0.7939398073013617, 728, 8111, 0
0.01, 0.95, 0.001, 1.0, 10, 0.7842763514384125, 791, 7485, 0
0.01, 0.95, 0.001, 1.0, 10, 0.795128573186463, 870, 7976, 0
0.01, 0.95, 0.001, 1.0, 10, 0.7916247907863938, 810, 6874, 0
0.01, 0.95, 0.001, 1.0, 10, 0.6685495266701217, 706, 6553, 0
0.01, 0.95, 0.001, 1.0, 10, 0.6474883094689209, 707, 7227, 0
0.01, 0.95, 0.001, 1.0, 10, 0.7452142909833194, 805, 6419, 0
0.01, 0.95, 0.001, 1.0, 10, 0.7927480589580567, 738, 7738, 0
0.01, 0.95, 0.001, 1.0, 10, 0.7822042061402673, 885, 7957, 0
0.01, 0.95, 0.001, 1.0, 10, 0.7829997346704988, 841, 6425, 0
0.01, 0.95, 0.001, 1.0, 10, 0.6698035057466756, 696, 5406, 0
0.01, 0.95, 0.001, 1.0, 10, 0.7649854127455494, 797, 7436, 0
0.01, 0.95, 0.001, 1.0, 10, 0.7916398603051679, 804, 6877, 0
0.01, 0.95, 0.001, 1.0, 10, 0.79023006094826, 850, 9938, 0
0.01, 0.95, 0.001, 1.0, 10, 0.8099724312106242, 914, 6860, 0
0.01, 0.95, 0.001, 1.0, 10, 0.7919321043220124, 814, 7725, 0
0.01, 0.95, 0.001, 1.0, 10, 0.7817443749169503, 800, 8220, 0
0.01, 0.95, 0.001, 1.0, 10, 0.8002190357014471, 897, 8239, 0
0.01, 0.95, 0.001, 1.0, 10, 0.7722929238967237, 898, 8421, 0
0.01, 0.95, 0.001, 1.0, 10, 0.7931810727868424, 735, 6422, 0
0.01, 0.95, 0.001, 1.0, 10, 0.7561741536524057, 826, 7501, 0
0.01, 0.95, 0.001, 1.0, 10, 0.7609917869696956, 739, 10288, 0
0.01, 0.95, 0.001, 1.0, 10, 0.783839922722675, 899, 11054, 0
0.01, 0.95, 0.001, 1.0, 10, 0.7716083478574779, 822, 7237, 0
0.01, 0.95, 0.001, 1.0, 10, 0.7646830697809596, 828, 6946, 0
0.01, 0.95, 0.001, 1.0, 10, 0.7839415573560887, 810, 7942, 0
0.01, 0.95, 0.001, 1.0, 10, 0.7870712915867278, 756, 9866, 0
0.01, 0.95, 0.001, 1.0, 10, 0.8022322656531234, 919, 8207, 0
0.01, 0.95, 0.001, 1.0, 10, 0.7835952046563471, 841, 6660, 0
0.01, 0.95, 0.001, 1.0, 10, 0.7416706586772565, 818, 9191, 0
0.01, 0.95, 0.001, 1.0, 10, 0.7231285718620608, 861, 18306, 0
0.01, 0.95, 0.001, 1.0, 10, 0.7738701681633917, 800, 7660, 0
0.01, 0.95, 0.001, 1.0, 10, 0.7920643700591704, 888, 7659, 0
0.01, 0.95, 0.001, 1.0, 10, 0.7745258328494483, 774, 9221, 0
0.01, 0.95, 0.001, 1.0, 10, 0.7948571449977104, 733, 6911, 0
0.01, 0.95, 0.001, 1.0, 10, 0.8119785634470437, 766, 6336, 0
0.01, 0.95, 0.001, 1.0, 10, 0.7502185197925305, 733, 6278, 0
0.01, 0.95, 0.001, 1.0, 10, 0.7843854640652634, 839, 8196, 0
0.01, 0.95, 0.001, 1.0, 10, 0.8036947815305501, 860, 11949, 0
0.01, 0.95, 0.001, 1.0, 10, 0.8016520932324885, 881, 8670, 0
0.01, 0.95, 0.001, 1.0, 20, 0.8267562833985812, 781, 9125, 0
0.01, 0.95, 0.001, 1.0, 20, 0.8180524012492297, 825, 16827, 0
0.01, 0.95, 0.001, 1.0, 20, 0.8531403937993092, 834, 11184, 0
0.01, 0.95, 0.001, 1.0, 20, 0.8380507443354588, 755, 10659, 0
0.01, 0.95, 0.001, 1.0, 20, 0.8437473903025707, 737, 8833, 0
0.01, 0.95, 0.001, 1.0, 20, 0.7110591085972019, 659, 9084, 0
0.01, 0.95, 0.001, 1.0, 20, 0.8436135372223953, 827, 11780, 0
0.01, 0.95, 0.001, 1.0, 20, 0.8605864999961563, 715, 12235, 0
0.01, 0.95, 0.001, 1.0, 20, 0.8423832225060163, 827, 10221, 0
0.01, 0.95, 0.001, 1.0, 20, 0.8539267485818254, 682, 13709, 0
0.01, 0.95, 0.001, 1.0, 20, 0.8424172798370421, 764, 16304, 0
0.01, 0.95, 0.001, 1.0, 20, 0.8454883886879035, 766, 17186, 0
0.01, 0.95, 0.001, 1.0, 20, 0.8388319897865442, 725, 8703, 0
0.01, 0.95, 0.001, 1.0, 20, 0.8556103689680565, 787, 13277, 0
0.01, 0.95, 0.001, 1.0, 20, 0.8482354182505019, 761, 12498, 0
0.01, 0.95, 0.001, 1.0, 20, 0.8510001631993194, 739, 8317, 0
0.01, 0.95, 0.001, 1.0, 20, 0.8541729594689261, 691, 11269, 0
0.01, 0.95, 0.001, 1.0, 20, 0.8390254637261287, 892, 10063, 0
0.01, 0.95, 0.001, 1.0, 20, 0.8537484121034847, 833, 14902, 0
0.01, 0.95, 0.001, 1.0, 20, 0.8528662901124413, 749, 11044, 0
0.01, 0.95, 0.001, 1.0, 20, 0.8493994122146175, 740, 9771, 0
0.01, 0.95, 0.001, 1.0, 20, 0.8472051399446533, 746, 10495, 0
0.01, 0.95, 0.001, 1.0, 20, 0.8335885567491675, 719, 10078, 0
0.01, 0.95, 0.001, 1.0, 20, 0.845365212559457, 845, 11436, 0
0.01, 0.95, 0.001, 1.0, 20, 0.8457286118920567, 859, 16899, 0
0.01, 0.95, 0.001, 1.0, 20, 0.8409446618753424, 840, 23010, 0
0.01, 0.95, 0.001, 1.0, 20, 0.8472374135042563, 939, 9038, 0
0.01, 0.95, 0.001, 1.0, 20, 0.8391079671164112, 821, 10480, 0
0.01, 0.95, 0.001, 1.0, 20, 0.8501806655592661, 713, 14433, 0
0.01, 0.95, 0.001, 1.0, 20, 0.8524575700049738, 877, 11542, 0
0.01, 0.95, 0.001, 1.0, 20, 0.845808095087909, 949, 18677, 0
0.01, 0.95, 0.001, 1.0, 20, 0.8500519303242786, 832, 9433, 0
0.01, 0.95, 0.001, 1.0, 20, 0.8408551473220796, 866, 9614, 0
0.01, 0.95, 0.001, 1.0, 20, 0.8413485423539979, 851, 9897, 0
0.01, 0.95, 0.001, 1.0, 20, 0.8324785268420423, 790, 12809, 0
0.01, 0.95, 0.001, 1.0, 20, 0.8582200528229486, 704, 7946, 0
0.01, 0.95, 0.001, 1.0, 20, 0.8344697696043999, 888, 15052, 0
0.01, 0.95, 0.001, 1.0, 20, 0.8358410251947985, 889, 10810, 0
0.01, 0.95, 0.001, 1.0, 20, 0.8448693722682215, 749, 10932, 0
0.01, 0.95, 0.001, 1.0, 20, 0.8417432149310798, 703, 13776, 0
0.01, 0.95, 0.001, 1.0, 20, 0.8401564440038665, 798, 9725, 0
0.01, 0.95, 0.001, 1.0, 20, 0.8467814627374661, 676, 9145, 0
0.01, 0.95, 0.001, 1.0, 20, 0.8520055403055617, 827, 9797, 0
0.01, 0.95, 0.001, 1.0, 20, 0.8536607333172382, 712, 9046, 0
0.01, 0.95, 0.001, 1.0, 20, 0.8549586490970386, 795, 10019, 0
0.01, 0.95, 0.001, 1.0, 20, 0.8386814078562379, 751, 7750, 0
0.01, 0.95, 0.001, 1.0, 20, 0.8537991721350111, 857, 14570, 0
0.01, 0.95, 0.001, 1.0, 20, 0.8532565341729018, 729, 14974, 0
0.01, 0.95, 0.001, 1.0, 20, 0.842370070658279, 706, 7491, 0
0.01, 0.95, 0.001, 1.0, 20, 0.8325620284572537, 801, 9460, 0
0.01, 0.95, 0.001, 0.9, 10, 0.8077054182340948, 848, 8533, 0
0.01, 0.95, 0.001, 0.9, 10, 0.7851127733065988, 719, 9638, 0
0.01, 0.95, 0.001, 0.9, 10, 0.7908504451348913, 769, 7859, 0
0.01, 0.95, 0.001, 0.9, 10, 0.7813119978095755, 854, 8451, 0
0.01, 0.95, 0.001, 0.9, 10, 0.7895379683950866, 768, 14601, 0
0.01, 0.95, 0.001, 0.9, 10, 0.7854384114155957, 771, 9076, 0
0.01, 0.95, 0.001, 0.9, 10, 0.7892697351144683, 792, 8477, 0
0.01, 0.95, 0.001, 0.9, 10, 0.7840336124442276, 838, 7259, 0
0.01, 0.95, 0.001, 0.9, 10, 0.7491655021978219, 817, 8736, 0
0.01, 0.95, 0.001, 0.9, 10, 0.7711145845170658, 793, 7493, 0
0.01, 0.95, 0.001, 0.9, 10, 0.6550587452573835, 724, 7319, 0
0.01, 0.95, 0.001, 0.9, 10, 0.7569619684647463, 665, 8278, 0
0.01, 0.95, 0.001, 0.9, 10, 0.8132926247843676, 818, 6493, 0
0.01, 0.95, 0.001, 0.9, 10, 0.7726798124707769, 837, 9417, 0
0.01, 0.95, 0.001, 0.9, 10, 0.8179806079846973, 801, 5332, 0
0.01, 0.95, 0.001, 0.9, 10, 0.8048924743330053, 769, 6084, 0
0.01, 0.95, 0.001, 0.9, 10, 0.8205788634893444, 880, 8260, 0
0.01, 0.95, 0.001, 0.9, 10, 0.776634706256253, 789, 7649, 0
0.01, 0.95, 0.001, 0.9, 10, 0.7865911961456549, 872, 7051, 0
0.01, 0.95, 0.001, 0.9, 10, 0.8225153289058574, 935, 8339, 0
0.01, 0.95, 0.001, 0.9, 10, 0.8001281785036213, 907, 7275, 0
0.01, 0.95, 0.001, 0.9, 10, 0.7776499091827125, 795, 12345, 0
0.01, 0.95, 0.001, 0.9, 10, 0.7985417251090913, 765, 7012, 0
0.01, 0.95, 0.001, 0.9, 10, 0.7646600851470572, 828, 7377, 0
0.01, 0.95, 0.001, 0.9, 10, 0.8255754602965875, 783, 7804, 0
0.01, 0.95, 0.001, 0.9, 10, 0.7093204748265317, 886, 15271, 0
0.01, 0.95, 0.001, 0.9, 10, 0.8019197975460731, 751, 5680, 0
0.01, 0.95, 0.001, 0.9, 10, 0.80546342935336, 729, 5652, 0
0.01, 0.95, 0.001, 0.9, 10, 0.7556957336944171, 801, 6457, 0
0.01, 0.95, 0.001, 0.9, 10, 0.8013428934648337, 846, 7564, 0
0.01, 0.95, 0.001, 0.9, 10, 0.7651933503931715, 789, 7168, 0
0.01, 0.95, 0.001, 0.9, 10, 0.7929625234289469, 810, 7471, 0
0.01, 0.95, 0.001, 0.9, 10, 0.7634858216716042, 791, 11962, 0
0.01, 0.95, 0.001, 0.9, 10, 0.7817097670104557, 754, 6458, 0
0.01, 0.95, 0.001, 0.9, 10, 0.7916641142404649, 769, 7963, 0
0.01, 0.95, 0.001, 0.9, 10, 0.7863357609712649, 863, 6565, 0
0.01, 0.95, 0.001, 0.9, 10, 0.7720439048479257, 851, 10520, 0
0.01, 0.95, 0.001, 0.9, 10, 0.7773034586921853, 748, 8576, 0
0.01, 0.95, 0.001, 0.9, 10, 0.8084393547779855, 738, 7329, 0
0.01, 0.95, 0.001, 0.9, 10, 0.7848762361897931, 731, 6615, 0
0.01, 0.95, 0.001, 0.9, 10, 0.7526985284046727, 790, 6010, 0
0.01, 0.95, 0.001, 0.9, 10, 0.7876786902829145, 779, 6999, 0
0.01, 0.95, 0.001, 0.9, 10, 0.8037395710735925, 714, 5741, 0
0.01, 0.95, 0.001, 0.9, 10, 0.8056318864976113, 704, 6063, 0
0.01, 0.95, 0.001, 0.9, 10, 0.7523160223008882, 872, 8442, 0
0.01, 0.95, 0.001, 0.9, 10, 0.7957742907677677, 683, 9443, 0
0.01, 0.95, 0.001, 0.9, 10, 0.7555067234307992, 826, 9628, 0
0.01, 0.95, 0.001, 0.9, 10, 0.7674734964230153, 702, 6644, 0
0.01, 0.95, 0.001, 0.9, 10, 0.6746071087936388, 695, 6685, 0
0.01, 0.95, 0.001, 0.9, 10, 0.7644845557894446, 784, 9447, 0
0.01, 0.95, 0.001, 0.9, 20, 0.8448368468858816, 779, 10001, 0
0.01, 0.95, 0.001, 0.9, 20, 0.8469730404550352, 744, 8666, 0
0.01, 0.95, 0.001, 0.9, 20, 0.8383081223553498, 717, 12465, 0
0.01, 0.95, 0.001, 0.9, 20, 0.8293051851823606, 851, 9767, 0
0.01, 0.95, 0.001, 0.9, 20, 0.8444413624245637, 832, 9348, 0
0.01, 0.95, 0.001, 0.9, 20, 0.8459703477523524, 871, 10921, 0
0.01, 0.95, 0.001, 0.9, 20, 0.8103295075356611, 782, 12615, 0
0.01, 0.95, 0.001, 0.9, 20, 0.8474577324380738, 739, 12067, 0
0.01, 0.95, 0.001, 0.9, 20, 0.8420724786721845, 822, 10658, 0
0.01, 0.95, 0.001, 0.9, 20, 0.8251187299272723, 817, 8511, 0
0.01, 0.95, 0.001, 0.9, 20, 0.8432888542952842, 959, 11063, 0
0.01, 0.95, 0.001, 0.9, 20, 0.8287240812830502, 921, 11225, 0
0.01, 0.95, 0.001, 0.9, 20, 0.8542894890135845, 675, 7891, 0
0.01, 0.95, 0.001, 0.9, 20, 0.8495923548674652, 708, 9022, 0
0.01, 0.95, 0.001, 0.9, 20, 0.8417047012043157, 697, 8609, 0
0.01, 0.95, 0.001, 0.9, 20, 0.8394540688259253, 709, 11514, 0
0.01, 0.95, 0.001, 0.9, 20, 0.8406675181069139, 724, 9083, 0
0.01, 0.95, 0.001, 0.9, 20, 0.8429925659100309, 833, 9418, 0
0.01, 0.95, 0.001, 0.9, 20, 0.8312513873037907, 757, 8540, 0
0.01, 0.95, 0.001, 0.9, 20, 0.8439545567803136, 754, 10357, 0
0.01, 0.95, 0.001, 0.9, 20, 0.8436607689284025, 977, 10929, 0
0.01, 0.95, 0.001, 0.9, 20, 0.8507361681815816, 759, 8726, 0
0.01, 0.95, 0.001, 0.9, 20, 0.8529725770764636, 764, 8585, 0
0.01, 0.95, 0.001, 0.9, 20, 0.8417889781899363, 849, 13408, 0
0.01, 0.95, 0.001, 0.9, 20, 0.8566144482191661, 839, 12958, 0
0.01, 0.95, 0.001, 0.9, 20, 0.8427253475148566, 1008, 10006, 0
0.01, 0.95, 0.001, 0.9, 20, 0.8447328670489868, 948, 11996, 0
0.01, 0.95, 0.001, 0.9, 20, 0.8314468035174173, 713, 11305, 0
0.01, 0.95, 0.001, 0.9, 20, 0.84936469204587, 694, 9555, 0
0.01, 0.95, 0.001, 0.9, 20, 0.8404835534879765, 738, 10954, 0
0.01, 0.95, 0.001, 0.9, 20, 0.8400929578954923, 736, 10413, 0
0.01, 0.95, 0.001, 0.9, 20, 0.8350654378761039, 714, 18953, 0
0.01, 0.95, 0.001, 0.9, 20, 0.8215777128809024, 852, 13551, 0
0.01, 0.95, 0.001, 0.9, 20, 0.8521428300562226, 831, 9078, 0
0.01, 0.95, 0.001, 0.9, 20, 0.8394301593424697, 922, 10895, 0
0.01, 0.95, 0.001, 0.9, 20, 0.8314692877469847, 705, 12057, 0
0.01, 0.95, 0.001, 0.9, 20, 0.8343984763743264, 815, 13019, 0
0.01, 0.95, 0.001, 0.9, 20, 0.8411757597925794, 695, 14598, 0
0.01, 0.95, 0.001, 0.9, 20, 0.8348682351721636, 851, 9651, 0
0.01, 0.95, 0.001, 0.9, 20, 0.8420681992868041, 843, 11399, 0
0.01, 0.95, 0.001, 0.9, 20, 0.8429407088554027, 822, 10740, 0
0.01, 0.95, 0.001, 0.9, 20, 0.8374105061758453, 721, 12572, 0
0.01, 0.95, 0.001, 0.9, 20, 0.83664451246876, 752, 10148, 0
0.01, 0.95, 0.001, 0.9, 20, 0.8461482433138948, 818, 10590, 0
0.01, 0.95, 0.001, 0.9, 20, 0.8511097213900375, 675, 11009, 0
0.01, 0.95, 0.001, 0.9, 20, 0.8422205925354266, 713, 9850, 0
0.01, 0.95, 0.001, 0.9, 20, 0.8385151982544994, 686, 10887, 0
0.01, 0.95, 0.001, 0.9, 20, 0.8658235070614511, 766, 8324, 0
0.01, 0.95, 0.001, 0.9, 20, 0.841979372896482, 768, 9794, 0
0.01, 0.95, 0.001, 0.9, 20, 0.8105508253506505, 878, 9727, 0
0.01, 0.95, 0.001, 0.8, 10, 0.7734553226075066, 746, 11855, 1
0.01, 0.95, 0.001, 0.8, 10, 0.8162527956496922, 765, 15920, 1
0.01, 0.95, 0.001, 0.8, 10, 0.7786288345188602, 698, 6946, 0
0.01, 0.95, 0.001, 0.8, 10, 0.7671370150288304, 801, 7766, 0
0.01, 0.95, 0.001, 0.8, 10, 0.7907738237377969, 826, 7950, 0
0.01, 0.95, 0.001, 0.8, 10, 0.786554698728306, 839, 7369, 0
0.01, 0.95, 0.001, 0.8, 10, 0.8099430674600077, 837, 6982, 0
0.01, 0.95, 0.001, 0.8, 10, 0.805205604747638, 718, 7707, 0
0.01, 0.95, 0.001, 0.8, 10, 0.8083797004098128, 886, 23751, 1
0.01, 0.95, 0.001, 0.8, 10, 0.7604663514771836, 853, 11519, 1
0.01, 0.95, 0.001, 0.8, 10, 0.794935132091334, 713, 10014, 0
0.01, 0.95, 0.001, 0.8, 10, 0.7866093775533285, 882, 6672, 0
0.01, 0.95, 0.001, 0.8, 10, 0.7409556035558226, 733, 10176, 0
0.01, 0.95, 0.001, 0.8, 10, 0.7935852756688768, 806, 8681, 0
0.01, 0.95, 0.001, 0.8, 10, 0.8208968917270171, 736, 5470, 0
0.01, 0.95, 0.001, 0.8, 10, 0.7868298192609299, 794, 8059, 0
0.01, 0.95, 0.001, 0.8, 10, 0.7895297013746007, 835, 8958, 0
0.01, 0.95, 0.001, 0.8, 10, 0.7715173183865259, 853, 15003, 1
0.01, 0.95, 0.001, 0.8, 10, 0.7995220463854311, 717, 6605, 0
0.01, 0.95, 0.001, 0.8, 10, 0.8242621507309296, 786, 11673, 1
0.01, 0.95, 0.001, 0.8, 10, 0.7789892966934681, 761, 6666, 0
0.01, 0.95, 0.001, 0.8, 10, 0.7879145871319552, 825, 7270, 0
0.01, 0.95, 0.001, 0.8, 10, 0.7936936815464231, 753, 7659, 0
0.01, 0.95, 0.001, 0.8, 10, 0.742493591713912, 742, 7484, 0
0.01, 0.95, 0.001, 0.8, 10, 0.7714129528649681, 878, 6818, 0
0.01, 0.95, 0.001, 0.8, 10, 0.7845454553168423, 822, 10776, 0
0.01, 0.95, 0.001, 0.8, 10, 0.7883555095765711, 743, 8309, 0
0.01, 0.95, 0.001, 0.8, 10, 0.7911596607327439, 728, 7778, 0
0.01, 0.95, 0.001, 0.8, 10, 0.6652986980400478, 708, 7985, 0
0.01, 0.95, 0.001, 0.8, 10, 0.759863141222472, 768, 7708, 0
0.01, 0.95, 0.001, 0.8, 10, 0.7882912240968469, 815, 5797, 0
0.01, 0.95, 0.001, 0.8, 10, 0.7736167026695271, 749, 7064, 1
0.01, 0.95, 0.001, 0.8, 10, 0.7855226643071115, 823, 22276, 1
0.01, 0.95, 0.001, 0.8, 10, 0.7840268623803079, 856, 7284, 0
0.01, 0.95, 0.001, 0.8, 10, 0.7877163005648347, 771, 6877, 0
0.01, 0.95, 0.001, 0.8, 10, 0.7931797703589096, 885, 11872, 1
0.01, 0.95, 0.001, 0.8, 10, 0.7882153282895639, 897, 8417, 0
0.01, 0.95, 0.001, 0.8, 10, 0.7734571915677159, 798, 7242, 0
0.01, 0.95, 0.001, 0.8, 10, 0.784738630820621, 766, 8460, 0
0.01, 0.95, 0.001, 0.8, 10, 0.7444657389046723, 738, 10541, 0
0.01, 0.95, 0.001, 0.8, 10, 0.726563475502262, 803, 8438, 0
0.01, 0.95, 0.001, 0.8, 10, 0.7901614712881186, 760, 6761, 0
0.01, 0.95, 0.001, 0.8, 10, 0.7909566730801094, 773, 13762, 0
0.01, 0.95, 0.001, 0.8, 10, 0.7613127286036993, 788, 7961, 0
0.01, 0.95, 0.001, 0.8, 10, 0.6935121801930803, 765, 6025, 0
0.01, 0.95, 0.001, 0.8, 10, 0.7850416199603476, 789, 8923, 0
0.01, 0.95, 0.001, 0.8, 10, 0.7284485544215616, 800, 8220, 0
0.01, 0.95, 0.001, 0.8, 10, 0.7592029816872411, 859, 7667, 0
0.01, 0.95, 0.001, 0.8, 10, 0.7961277596187843, 717, 6714, 0
0.01, 0.95, 0.001, 0.8, 10, 0.7520344123478964, 762, 8942, 1
0.01, 0.95, 0.001, 0.8, 20, 0.8519301538820119, 664, 11116, 0
0.01, 0.95, 0.001, 0.8, 20, 0.8642722824882788, 797, 9908, 0
0.01, 0.95, 0.001, 0.8, 20, 0.8609269153186802, 845, 10097, 0
0.01, 0.95, 0.001, 0.8, 20, 0.8408698353470853, 832, 32679, 1
0.01, 0.95, 0.001, 0.8, 20, 0.8455807952210823, 756, 8527, 0
0.01, 0.95, 0.001, 0.8, 20, 0.8553869980058527, 911, 9439, 0
0.01, 0.95, 0.001, 0.8, 20, 0.8483024036272165, 813, 12785, 0
0.01, 0.95, 0.001, 0.8, 20, 0.8495787352608432, 685, 8786, 0
0.01, 0.95, 0.001, 0.8, 20, 0.860027236791567, 733, 9829, 0
0.01, 0.95, 0.001, 0.8, 20, 0.842376198502688, 725, 9566, 0
0.01, 0.95, 0.001, 0.8, 20, 0.8392973468724678, 753, 11825, 0
0.01, 0.95, 0.001, 0.8, 20, 0.8373548478075379, 886, 10405, 0
0.01, 0.95, 0.001, 0.8, 20, 0.841748578947067, 712, 8100, 0
0.01, 0.95, 0.001, 0.8, 20, 0.8077849245196714, 788, 13045, 0
0.01, 0.95, 0.001, 0.8, 20, 0.8490046243103773, 803, 11598, 0
0.01, 0.95, 0.001, 0.8, 20, 0.8240187784558319, 786, 9922, 0
0.01, 0.95, 0.001, 0.8, 20, 0.8451532717025833, 750, 9878, 0
0.01, 0.95, 0.001, 0.8, 20, 0.8359215490567976, 770, 15164, 0
0.01, 0.95, 0.001, 0.8, 20, 0.8553801454371361, 647, 13011, 0
0.01, 0.95, 0.001, 0.8, 20, 0.841547810645723, 697, 11703, 0
0.01, 0.95, 0.001, 0.8, 20, 0.8437574747734418, 819, 10660, 0
0.01, 0.95, 0.001, 0.8, 20, 0.8466936518083935, 1000, 11453, 0
0.01, 0.95, 0.001, 0.8, 20, 0.848224709003218, 863, 11431, 0
0.01, 0.95, 0.001, 0.8, 20, 0.8355425807251803, 755, 20512, 0
0.01, 0.95, 0.001, 0.8, 20, 0.8429403200942764, 691, 15178, 0
0.01, 0.95, 0.001, 0.8, 20, 0.8405047291665313, 832, 11065, 0
0.01, 0.95, 0.001, 0.8, 20, 0.8426737637267212, 795, 9821, 0
0.01, 0.95, 0.001, 0.8, 20, 0.853388614951267, 739, 11927, 0
0.01, 0.95, 0.001, 0.8, 20, 0.8480661414224985, 809, 12862, 0
0.01, 0.95, 0.001, 0.8, 20, 0.838097824309325, 682, 24226, 0
0.01, 0.95, 0.001, 0.8, 20, 0.8500735360698931, 712, 9964, 0
0.01, 0.95, 0.001, 0.8, 20, 0.8240267820330229, 686, 11147, 0
0.01, 0.95, 0.001, 0.8, 20, 0.8482089900664238, 777, 10628, 0
0.01, 0.95, 0.001, 0.8, 20, 0.8448907785517799, 717, 9502, 0
0.01, 0.95, 0.001, 0.8, 20, 0.8431213698709144, 867, 10144, 0
0.01, 0.95, 0.001, 0.8, 20, 0.8464878479085527, 790, 10099, 0
0.01, 0.95, 0.001, 0.8, 20, 0.8568402341664796, 713, 10588, 0
0.01, 0.95, 0.001, 0.8, 20, 0.8398183362691254, 957, 11221, 0
0.01, 0.95, 0.001, 0.8, 20, 0.8421474345053561, 773, 12582, 0
0.01, 0.95, 0.001, 0.8, 20, 0.8537339981983784, 799, 15697, 1
0.01, 0.95, 0.001, 0.8, 20, 0.8506855123185135, 780, 8445, 0
0.01, 0.95, 0.001, 0.8, 20, 0.8449072917340446, 988, 10993, 0
0.01, 0.95, 0.001, 0.8, 20, 0.8222332814696329, 707, 12373, 0
0.01, 0.95, 0.001, 0.8, 20, 0.8367493043093239, 812, 18858, 0
0.01, 0.95, 0.001, 0.8, 20, 0.8505407408776781, 793, 13299, 0
0.01, 0.95, 0.001, 0.8, 20, 0.8602465239133968, 740, 8554, 0
0.01, 0.95, 0.001, 0.8, 20, 0.8337784607201608, 961, 11947, 0
0.01, 0.95, 0.001, 0.8, 20, 0.8538545130446018, 712, 11597, 0
0.01, 0.95, 0.001, 0.8, 20, 0.850865385187258, 717, 9490, 0
0.01, 0.95, 0.001, 0.8, 20, 0.8280323250251349, 718, 15682, 0
