Delta, Alpha, Epsilon, K, initSize, Fitness, Traces, Time, Recalculations
0.01, 0.95, 0.05, 1.0, 10, 0.4504609641083464, 389, 23265, 0
0.01, 0.95, 0.05, 1.0, 10, 0.4731956272545176, 386, 18798, 0
0.01, 0.95, 0.05, 1.0, 10, 0.4858870937291618, 385, 25027, 0
0.01, 0.95, 0.05, 1.0, 10, 0.5091580509042518, 389, 12777, 0
0.01, 0.95, 0.05, 1.0, 10, 0.4922437707336507, 387, 16767, 0
0.01, 0.95, 0.05, 1.0, 10, 0.4898771039138741, 384, 7502, 0
0.01, 0.95, 0.05, 1.0, 10, 0.5023320190135618, 386, 16183, 0
0.01, 0.95, 0.05, 1.0, 10, 0.5121120847839603, 387, 4569, 0
0.01, 0.95, 0.05, 1.0, 10, 0.5150148382070393, 386, 4624, 0
0.01, 0.95, 0.05, 1.0, 10, 0.5072902893627785, 388, 18395, 0
0.01, 0.95, 0.05, 1.0, 10, 0.48349188358880363, 387, 21439, 0
0.01, 0.95, 0.05, 1.0, 10, 0.4583120206603784, 386, 11100, 0
0.01, 0.95, 0.05, 1.0, 10, 0.3178667972513253, 388, 12939, 0
0.01, 0.95, 0.05, 1.0, 10, 0.5012286305051503, 386, 6091, 0
0.01, 0.95, 0.05, 1.0, 10, 0.456637403510243, 388, 42689, 0
0.01, 0.95, 0.05, 1.0, 10, 0.4808326175355939, 387, 21428, 0
0.01, 0.95, 0.05, 1.0, 10, 0.485902825039545, 383, 7650, 0
0.01, 0.95, 0.05, 1.0, 10, 0.5010731260867662, 388, 13530, 0
0.01, 0.95, 0.05, 1.0, 10, 0.4877054285200628, 386, 16838, 0
0.01, 0.95, 0.05, 1.0, 10, 0.4756756913503862, 388, 22161, 0
0.01, 0.95, 0.05, 1.0, 10, 0.46896366433099373, 386, 33747, 0
0.01, 0.95, 0.05, 1.0, 10, 0.4639485556135527, 388, 20911, 0
0.01, 0.95, 0.05, 1.0, 10, 0.46433560647464606, 385, 9761, 0
0.01, 0.95, 0.05, 1.0, 10, 0.4423118602650583, 386, 26469, 0
0.01, 0.95, 0.05, 1.0, 10, 0.49918666675631546, 385, 6876, 0
0.01, 0.95, 0.05, 1.0, 10, 0.39882005208307014, 386, 22414, 0
0.01, 0.95, 0.05, 1.0, 10, 0.5005290416666789, 386, 18751, 0
0.01, 0.95, 0.05, 1.0, 10, 0.47795426913605166, 387, 10643, 0
0.01, 0.95, 0.05, 1.0, 10, 0.49712583217369943, 391, 25242, 0
0.01, 0.95, 0.05, 1.0, 10, 0.4772325161082798, 386, 8206, 0
0.01, 0.95, 0.05, 1.0, 10, 0.4286322076061852, 385, 21523, 0
0.01, 0.95, 0.05, 1.0, 10, 0.4734556695810293, 387, 12457, 0
0.01, 0.95, 0.05, 1.0, 10, 0.43336149352859593, 388, 3613, 0
0.01, 0.95, 0.05, 1.0, 10, 0.4936213889406893, 387, 12555, 0
0.01, 0.95, 0.05, 1.0, 10, 0.4561521555136723, 385, 6490, 0
0.01, 0.95, 0.05, 1.0, 10, 0.4987126144831695, 387, 8820, 0
0.01, 0.95, 0.05, 1.0, 10, 0.4908716349353827, 386, 6609, 0
0.01, 0.95, 0.05, 1.0, 10, 0.46990944862294665, 387, 12896, 0
0.01, 0.95, 0.05, 1.0, 10, 0.41367739845900725, 390, 13495, 0
0.01, 0.95, 0.05, 1.0, 10, 0.4989342114137935, 387, 5266, 0
0.01, 0.95, 0.05, 1.0, 10, 0.4615267297296334, 386, 20021, 0
0.01, 0.95, 0.05, 1.0, 10, 0.4999008735975137, 386, 17500, 0
0.01, 0.95, 0.05, 1.0, 10, 0.5113529033477051, 386, 4631, 0
0.01, 0.95, 0.05, 1.0, 10, 0.45856158401985764, 388, 24347, 0
0.01, 0.95, 0.05, 1.0, 10, 0.4914120568378441, 388, 8886, 0
0.01, 0.95, 0.05, 1.0, 10, 0.4671364625012827, 386, 14871, 0
0.01, 0.95, 0.05, 1.0, 10, 0.5053579526241836, 386, 30844, 0
0.01, 0.95, 0.05, 1.0, 10, 0.31771431619250345, 390, 15601, 0
0.01, 0.95, 0.05, 1.0, 10, 0.4929243170404904, 388, 8470, 0
0.01, 0.95, 0.05, 1.0, 10, 0.4757530535451114, 386, 15207, 0
0.01, 0.95, 0.05, 1.0, 20, 0.5022468725992068, 387, 32034, 0
0.01, 0.95, 0.05, 1.0, 20, 0.4994722025904695, 384, 27200, 0
0.01, 0.95, 0.05, 1.0, 20, 0.4753435830885025, 389, 15168, 0
0.01, 0.95, 0.05, 1.0, 20, 0.4783500276110395, 386, 14284, 0
0.01, 0.95, 0.05, 1.0, 20, 0.5037973985601837, 386, 20216, 0
0.01, 0.95, 0.05, 1.0, 20, 0.49426617059698247, 388, 28744, 0
0.01, 0.95, 0.05, 1.0, 20, 0.5001692986627064, 387, 36908, 0
0.01, 0.95, 0.05, 1.0, 20, 0.5314308594196453, 385, 32462, 0
0.01, 0.95, 0.05, 1.0, 20, 0.5022546489819264, 387, 24365, 0
0.01, 0.95, 0.05, 1.0, 20, 0.5283193932560641, 386, 26496, 0
0.01, 0.95, 0.05, 1.0, 20, 0.48168875225914004, 387, 24943, 0
0.01, 0.95, 0.05, 1.0, 20, 0.506739211131337, 388, 16121, 0
0.01, 0.95, 0.05, 1.0, 20, 0.5117755519036838, 386, 29491, 0
0.01, 0.95, 0.05, 1.0, 20, 0.5262364835315371, 386, 29889, 0
0.01, 0.95, 0.05, 1.0, 20, 0.48073976684022734, 385, 31872, 0
0.01, 0.95, 0.05, 1.0, 20, 0.48098838590136445, 385, 32226, 0
0.01, 0.95, 0.05, 1.0, 20, 0.49870633830497446, 385, 23509, 0
0.01, 0.95, 0.05, 1.0, 20, 0.4902437310614071, 387, 15710, 0
0.01, 0.95, 0.05, 1.0, 20, 0.49547083606547954, 385, 32168, 0
0.01, 0.95, 0.05, 1.0, 20, 0.46244592848023275, 383, 35538, 0
0.01, 0.95, 0.05, 1.0, 20, 0.5207098619112025, 385, 24826, 0
0.01, 0.95, 0.05, 1.0, 20, 0.519366793916779, 386, 25732, 0
0.01, 0.95, 0.05, 1.0, 20, 0.4904450020312841, 386, 36424, 0
0.01, 0.95, 0.05, 1.0, 20, 0.5400134826732006, 387, 17401, 0
0.01, 0.95, 0.05, 1.0, 20, 0.49826598374952685, 386, 27061, 0
0.01, 0.95, 0.05, 1.0, 20, 0.5004401711901382, 387, 22268, 0
0.01, 0.95, 0.05, 1.0, 20, 0.4964236001831678, 388, 28293, 0
0.01, 0.95, 0.05, 1.0, 20, 0.4880998141283263, 388, 25198, 0
0.01, 0.95, 0.05, 1.0, 20, 0.5133592927543309, 387, 16348, 0
0.01, 0.95, 0.05, 1.0, 20, 0.5030283203612504, 385, 16494, 0
0.01, 0.95, 0.05, 1.0, 20, 0.5079978896027553, 388, 13589, 0
0.01, 0.95, 0.05, 1.0, 20, 0.49681405817748214, 385, 27729, 0
0.01, 0.95, 0.05, 1.0, 20, 0.4960414419918376, 388, 14058, 0
0.01, 0.95, 0.05, 1.0, 20, 0.5073318588398071, 384, 45593, 0
0.01, 0.95, 0.05, 1.0, 20, 0.5407088774304538, 388, 22637, 0
0.01, 0.95, 0.05, 1.0, 20, 0.4781108834137731, 385, 24690, 0
0.01, 0.95, 0.05, 1.0, 20, 0.529092809072739, 384, 15666, 0
0.01, 0.95, 0.05, 1.0, 20, 0.4963627652443874, 387, 25805, 0
0.01, 0.95, 0.05, 1.0, 20, 0.489753532158375, 387, 26556, 0
0.01, 0.95, 0.05, 1.0, 20, 0.5264939480773208, 385, 44711, 0
0.01, 0.95, 0.05, 1.0, 20, 0.49220971155392157, 388, 11838, 0
0.01, 0.95, 0.05, 1.0, 20, 0.523706094888357, 390, 13772, 0
0.01, 0.95, 0.05, 1.0, 20, 0.5287710820936001, 388, 13888, 0
0.01, 0.95, 0.05, 1.0, 20, 0.507540909139711, 386, 14593, 0
0.01, 0.95, 0.05, 1.0, 20, 0.49246174434484224, 389, 29563, 0
0.01, 0.95, 0.05, 1.0, 20, 0.5118611323897064, 385, 25780, 0
0.01, 0.95, 0.05, 1.0, 20, 0.515614450169589, 387, 47640, 0
0.01, 0.95, 0.05, 1.0, 20, 0.5347400625778529, 387, 35579, 0
0.01, 0.95, 0.05, 1.0, 20, 0.48457992937493544, 391, 50148, 0
0.01, 0.95, 0.05, 1.0, 20, 0.5153429603892506, 386, 39642, 0
0.01, 0.95, 0.05, 0.9, 10, 0.4449695437351607, 386, 9447, 5
0.01, 0.95, 0.05, 0.9, 10, 0.5032213884415907, 387, 51880, 13
0.01, 0.95, 0.05, 0.9, 10, 0.48211077058477214, 386, 16806, 11
0.01, 0.95, 0.05, 0.9, 10, 0.48698386304927954, 384, 14655, 6
0.01, 0.95, 0.05, 0.9, 10, 0.49653734681591183, 389, 31754, 7
0.01, 0.95, 0.05, 0.9, 10, 0.49772405609242826, 389, 32942, 10
0.01, 0.95, 0.05, 0.9, 10, 0.5264274581158295, 388, 35550, 10
0.01, 0.95, 0.05, 0.9, 10, 0.4668727376277519, 385, 39470, 12
0.01, 0.95, 0.05, 0.9, 10, 0.5218747593525521, 388, 20119, 5
0.01, 0.95, 0.05, 0.9, 10, 0.4851979359635765, 385, 32858, 5
0.01, 0.95, 0.05, 0.9, 10, 0.5004159039077377, 385, 36776, 9
0.01, 0.95, 0.05, 0.9, 10, 0.483422498531883, 385, 15118, 11
0.01, 0.95, 0.05, 0.9, 10, 0.5096400278024404, 386, 17204, 5
0.01, 0.95, 0.05, 0.9, 10, 0.49069730747752, 385, 25416, 5
0.01, 0.95, 0.05, 0.9, 10, 0.48577115266176163, 387, 40127, 9
0.01, 0.95, 0.05, 0.9, 10, 0.48946053546662527, 384, 28471, 7
0.01, 0.95, 0.05, 0.9, 10, 0.42415437194363426, 385, 65137, 12
0.01, 0.95, 0.05, 0.9, 10, 0.48538455293177896, 386, 30081, 5
0.01, 0.95, 0.05, 0.9, 10, 0.506994095961179, 388, 67768, 9
0.01, 0.95, 0.05, 0.9, 10, 0.5249027802473689, 385, 27647, 4
0.01, 0.95, 0.05, 0.9, 10, 0.5013388987276394, 384, 23990, 9
0.01, 0.95, 0.05, 0.9, 10, 0.42563907670188456, 387, 36981, 15
0.01, 0.95, 0.05, 0.9, 10, 0.4846913137538194, 387, 15915, 6
0.01, 0.95, 0.05, 0.9, 10, 0.48642887365987514, 386, 34665, 3
0.01, 0.95, 0.05, 0.9, 10, 0.48234409244121107, 386, 8068, 6
0.01, 0.95, 0.05, 0.9, 10, 0.49457227386608044, 390, 35838, 7
0.01, 0.95, 0.05, 0.9, 10, 0.40640105424376066, 388, 20402, 7
0.01, 0.95, 0.05, 0.9, 10, 0.4761840297354118, 387, 44010, 14
0.01, 0.95, 0.05, 0.9, 10, 0.5114010324241536, 385, 16702, 5
0.01, 0.95, 0.05, 0.9, 10, 0.47728327286173533, 388, 60913, 10
0.01, 0.95, 0.05, 0.9, 10, 0.5136090622726812, 387, 25550, 5
0.01, 0.95, 0.05, 0.9, 10, 0.4860156098307784, 388, 41854, 6
0.01, 0.95, 0.05, 0.9, 10, 0.49234249903095606, 387, 13332, 7
0.01, 0.95, 0.05, 0.9, 10, 0.4902987642438078, 386, 26098, 8
0.01, 0.95, 0.05, 0.9, 10, 0.5003861935641055, 385, 45102, 9
0.01, 0.95, 0.05, 0.9, 10, 0.502926949140665, 384, 33816, 4
0.01, 0.95, 0.05, 0.9, 10, 0.44036385163151054, 385, 9566, 4
0.01, 0.95, 0.05, 0.9, 10, 0.5209513056097205, 388, 15831, 8
0.01, 0.95, 0.05, 0.9, 10, 0.5026384062829293, 386, 34223, 7
0.01, 0.95, 0.05, 0.9, 10, 0.5028429861448682, 388, 37656, 11
0.01, 0.95, 0.05, 0.9, 10, 0.49393793788248247, 389, 12977, 5
0.01, 0.95, 0.05, 0.9, 10, 0.48592680604606125, 389, 40652, 11
0.01, 0.95, 0.05, 0.9, 10, 0.4942621705516701, 385, 19495, 10
0.01, 0.95, 0.05, 0.9, 10, 0.47945474128151816, 384, 15822, 7
0.01, 0.95, 0.05, 0.9, 10, 0.5217842307602903, 386, 44269, 13
0.01, 0.95, 0.05, 0.9, 10, 0.4942930041352271, 386, 25298, 4
0.01, 0.95, 0.05, 0.9, 10, 0.4859476057392258, 389, 40504, 17
0.01, 0.95, 0.05, 0.9, 10, 0.34403899365839735, 386, 30955, 4
0.01, 0.95, 0.05, 0.9, 10, 0.48150613515187585, 388, 33222, 5
0.01, 0.95, 0.05, 0.9, 10, 0.5030303585195749, 387, 44196, 14
0.01, 0.95, 0.05, 0.9, 20, 0.4935185541134937, 386, 27626, 0
0.01, 0.95, 0.05, 0.9, 20, 0.5191232336812895, 387, 17429, 3
0.01, 0.95, 0.05, 0.9, 20, 0.4941757322656357, 386, 19413, 3
0.01, 0.95, 0.05, 0.9, 20, 0.4954624303962026, 387, 31204, 4
0.01, 0.95, 0.05, 0.9, 20, 0.5138984771389957, 386, 37200, 5
0.01, 0.95, 0.05, 0.9, 20, 0.49555289468226954, 386, 34913, 7
0.01, 0.95, 0.05, 0.9, 20, 0.5593658812783769, 385, 33569, 5
0.01, 0.95, 0.05, 0.9, 20, 0.48698701007874107, 387, 48234, 8
0.01, 0.95, 0.05, 0.9, 20, 0.5454276610107702, 385, 39848, 5
0.01, 0.95, 0.05, 0.9, 20, 0.5339400387345078, 386, 43199, 1
0.01, 0.95, 0.05, 0.9, 20, 0.4898341621192646, 387, 39977, 2
0.01, 0.95, 0.05, 0.9, 20, 0.48992831385214874, 386, 46044, 5
0.01, 0.95, 0.05, 0.9, 20, 0.48872020577176745, 388, 24348, 3
0.01, 0.95, 0.05, 0.9, 20, 0.5081605955690368, 386, 18907, 5
0.01, 0.95, 0.05, 0.9, 20, 0.514417804915033, 386, 11643, 5
0.01, 0.95, 0.05, 0.9, 20, 0.5336707645075135, 384, 34586, 6
0.01, 0.95, 0.05, 0.9, 20, 0.4828410486895186, 386, 43998, 3
0.01, 0.95, 0.05, 0.9, 20, 0.5221687290213048, 387, 27191, 3
0.01, 0.95, 0.05, 0.9, 20, 0.48858362566690444, 387, 39512, 5
0.01, 0.95, 0.05, 0.9, 20, 0.5221182438813603, 386, 47679, 1
0.01, 0.95, 0.05, 0.9, 20, 0.5115039895183581, 387, 30366, 2
0.01, 0.95, 0.05, 0.9, 20, 0.5042524792832315, 390, 15903, 3
0.01, 0.95, 0.05, 0.9, 20, 0.49715315781371183, 387, 14038, 2
0.01, 0.95, 0.05, 0.9, 20, 0.5043323912681376, 388, 30209, 4
0.01, 0.95, 0.05, 0.9, 20, 0.4919030062567706, 387, 62683, 2
0.01, 0.95, 0.05, 0.9, 20, 0.48805187112212034, 383, 36447, 4
0.01, 0.95, 0.05, 0.9, 20, 0.5198602740363167, 386, 42736, 1
0.01, 0.95, 0.05, 0.9, 20, 0.509691808892564, 390, 36056, 2
0.01, 0.95, 0.05, 0.9, 20, 0.5153915061752767, 385, 14539, 3
0.01, 0.95, 0.05, 0.9, 20, 0.5185691956312152, 385, 33047, 2
0.01, 0.95, 0.05, 0.9, 20, 0.5213260462521488, 389, 55514, 5
0.01, 0.95, 0.05, 0.9, 20, 0.5409721907207927, 391, 25358, 2
0.01, 0.95, 0.05, 0.9, 20, 0.51999859232802, 389, 47835, 3
0.01, 0.95, 0.05, 0.9, 20, 0.5321241505882588, 388, 28592, 2
0.01, 0.95, 0.05, 0.9, 20, 0.49773752894205175, 387, 42150, 3
0.01, 0.95, 0.05, 0.9, 20, 0.5057086983761703, 388, 24729, 8
0.01, 0.95, 0.05, 0.9, 20, 0.4937020023626976, 384, 30643, 6
0.01, 0.95, 0.05, 0.9, 20, 0.5282886402857591, 387, 49396, 3
0.01, 0.95, 0.05, 0.9, 20, 0.4934157598134338, 386, 45805, 4
0.01, 0.95, 0.05, 0.9, 20, 0.45672160124760836, 390, 34676, 0
0.01, 0.95, 0.05, 0.9, 20, 0.5069017858216048, 384, 59885, 8
0.01, 0.95, 0.05, 0.9, 20, 0.5187343939963333, 386, 31380, 2
0.01, 0.95, 0.05, 0.9, 20, 0.5042795154135995, 387, 64818, 7
0.01, 0.95, 0.05, 0.9, 20, 0.5033503302559102, 387, 22911, 11
0.01, 0.95, 0.05, 0.9, 20, 0.5360226524104305, 387, 39994, 2
0.01, 0.95, 0.05, 0.9, 20, 0.503320471258702, 386, 19379, 2
0.01, 0.95, 0.05, 0.9, 20, 0.5152626904376115, 385, 33170, 3
0.01, 0.95, 0.05, 0.9, 20, 0.5248449607597219, 385, 17913, 4
0.01, 0.95, 0.05, 0.9, 20, 0.5095268201779353, 387, 32227, 5
0.01, 0.95, 0.05, 0.9, 20, 0.5381166927730203, 386, 40763, 1
0.01, 0.95, 0.05, 0.8, 10, 0.49714941220344316, 383, 114013, 50
0.01, 0.95, 0.05, 0.8, 10, 0.4694546599144236, 388, 107544, 45
0.01, 0.95, 0.05, 0.8, 10, 0.46132757496591426, 387, 80629, 47
0.01, 0.95, 0.05, 0.8, 10, 0.5286313397053916, 386, 121041, 52
0.01, 0.95, 0.05, 0.8, 10, 0.5222786672221411, 387, 131821, 52
0.01, 0.95, 0.05, 0.8, 10, 0.5563156893941289, 385, 79607, 32
0.01, 0.95, 0.05, 0.8, 10, 0.5313558337288634, 387, 108017, 53
0.01, 0.95, 0.05, 0.8, 10, 0.5227618403100367, 387, 114267, 44
0.01, 0.95, 0.05, 0.8, 10, 0.5309313507175949, 388, 71348, 36
0.01, 0.95, 0.05, 0.8, 10, 0.5180269635944627, 384, 112726, 58
0.01, 0.95, 0.05, 0.8, 10, 0.5295436153113241, 387, 108622, 45
0.01, 0.95, 0.05, 0.8, 10, 0.4658549005600916, 388, 93976, 36
0.01, 0.95, 0.05, 0.8, 10, 0.5104515144917895, 385, 105762, 52
0.01, 0.95, 0.05, 0.8, 10, 0.5252819825304998, 387, 109745, 49
0.01, 0.95, 0.05, 0.8, 10, 0.5158481497146687, 385, 95576, 45
0.01, 0.95, 0.05, 0.8, 10, 0.5462451399818937, 386, 78126, 37
0.01, 0.95, 0.05, 0.8, 10, 0.5293124886182153, 385, 115696, 43
0.01, 0.95, 0.05, 0.8, 10, 0.5260210642801842, 385, 107666, 50
0.01, 0.95, 0.05, 0.8, 10, 0.4692924251286286, 386, 132539, 43
0.01, 0.95, 0.05, 0.8, 10, 0.5204463569322143, 385, 110035, 47
0.01, 0.95, 0.05, 0.8, 10, 0.5192807127265867, 386, 70817, 43
0.01, 0.95, 0.05, 0.8, 10, 0.530450907229551, 388, 101011, 47
0.01, 0.95, 0.05, 0.8, 10, 0.5535431215675728, 385, 99184, 42
0.01, 0.95, 0.05, 0.8, 10, 0.5252897111308538, 390, 41528, 35
0.01, 0.95, 0.05, 0.8, 10, 0.513848934606927, 385, 60998, 33
0.01, 0.95, 0.05, 0.8, 10, 0.5480566546690211, 389, 139273, 38
0.01, 0.95, 0.05, 0.8, 10, 0.548505377706598, 385, 82685, 42
0.01, 0.95, 0.05, 0.8, 10, 0.5175255090764461, 389, 134644, 48
0.01, 0.95, 0.05, 0.8, 10, 0.5085241068536173, 385, 81563, 50
0.01, 0.95, 0.05, 0.8, 10, 0.519995702802178, 385, 82871, 37
0.01, 0.95, 0.05, 0.8, 10, 0.3653192533740834, 385, 85805, 50
0.01, 0.95, 0.05, 0.8, 10, 0.45700850420601846, 389, 102487, 43
0.01, 0.95, 0.05, 0.8, 10, 0.5234031743346041, 385, 92030, 43
0.01, 0.95, 0.05, 0.8, 10, 0.546035478024244, 386, 87169, 35
0.01, 0.95, 0.05, 0.8, 10, 0.5267904398020151, 388, 87634, 45
0.01, 0.95, 0.05, 0.8, 10, 0.5136997801536822, 386, 89112, 45
0.01, 0.95, 0.05, 0.8, 10, 0.37946193948782164, 387, 130639, 40
0.01, 0.95, 0.05, 0.8, 10, 0.5165452878542584, 387, 86154, 45
0.01, 0.95, 0.05, 0.8, 10, 0.5333439927448946, 388, 121090, 44
0.01, 0.95, 0.05, 0.8, 10, 0.5288771541258209, 387, 112943, 42
0.01, 0.95, 0.05, 0.8, 10, 0.5282564292189302, 387, 72386, 44
0.01, 0.95, 0.05, 0.8, 10, 0.5422514366453768, 386, 149775, 59
0.01, 0.95, 0.05, 0.8, 10, 0.547119851575175, 385, 103992, 49
0.01, 0.95, 0.05, 0.8, 10, 0.5284076817797048, 388, 85578, 41
0.01, 0.95, 0.05, 0.8, 10, 0.5347967401584957, 386, 74301, 34
0.01, 0.95, 0.05, 0.8, 10, 0.5365328329067115, 384, 145496, 40
0.01, 0.95, 0.05, 0.8, 10, 0.5264336220659153, 386, 78903, 39
0.01, 0.95, 0.05, 0.8, 10, 0.5486157220382873, 387, 90570, 44
0.01, 0.95, 0.05, 0.8, 10, 0.5205853713852802, 387, 62037, 33
0.01, 0.95, 0.05, 0.8, 10, 0.534566472336295, 386, 78408, 42
0.01, 0.95, 0.05, 0.8, 20, 0.5225706996875383, 384, 36761, 25
0.01, 0.95, 0.05, 0.8, 20, 0.5319332426361877, 389, 101594, 39
0.01, 0.95, 0.05, 0.8, 20, 0.5272142216741074, 390, 91151, 39
0.01, 0.95, 0.05, 0.8, 20, 0.5045193732163229, 388, 86484, 44
0.01, 0.95, 0.05, 0.8, 20, 0.5253765037309696, 386, 116333, 43
0.01, 0.95, 0.05, 0.8, 20, 0.5248881122764373, 389, 141684, 52
0.01, 0.95, 0.05, 0.8, 20, 0.5521375830034236, 386, 98924, 38
0.01, 0.95, 0.05, 0.8, 20, 0.5469754309279893, 385, 79596, 34
0.01, 0.95, 0.05, 0.8, 20, 0.5424063893835709, 385, 107764, 37
0.01, 0.95, 0.05, 0.8, 20, 0.5402640262251233, 391, 73994, 40
0.01, 0.95, 0.05, 0.8, 20, 0.5448432375704585, 388, 94154, 32
0.01, 0.95, 0.05, 0.8, 20, 0.5294101787610916, 386, 65237, 36
0.01, 0.95, 0.05, 0.8, 20, 0.5450585013928396, 385, 114678, 40
0.01, 0.95, 0.05, 0.8, 20, 0.5106524051425683, 388, 60034, 32
0.01, 0.95, 0.05, 0.8, 20, 0.5505572982442261, 385, 110480, 36
0.01, 0.95, 0.05, 0.8, 20, 0.5439022597615781, 385, 99458, 43
0.01, 0.95, 0.05, 0.8, 20, 0.5311519846164422, 388, 135086, 28
0.01, 0.95, 0.05, 0.8, 20, 0.5254396938834839, 386, 76375, 37
0.01, 0.95, 0.05, 0.8, 20, 0.5581677992489652, 386, 111678, 33
0.01, 0.95, 0.05, 0.8, 20, 0.52249799002653, 387, 103966, 34
0.01, 0.95, 0.05, 0.8, 20, 0.5088096064976465, 386, 91844, 33
0.01, 0.95, 0.05, 0.8, 20, 0.5361715147188305, 389, 92870, 36
0.01, 0.95, 0.05, 0.8, 20, 0.5531317503413073, 387, 62918, 30
0.01, 0.95, 0.05, 0.8, 20, 0.5259371756582967, 387, 73816, 32
0.01, 0.95, 0.05, 0.8, 20, 0.5519826493833283, 385, 76438, 32
0.01, 0.95, 0.05, 0.8, 20, 0.5345320257862668, 386, 141758, 47
0.01, 0.95, 0.05, 0.8, 20, 0.5400394290336707, 386, 141780, 46
0.01, 0.95, 0.05, 0.8, 20, 0.5108685998483143, 387, 116152, 37
0.01, 0.95, 0.05, 0.8, 20, 0.5257883663781547, 387, 115030, 47
0.01, 0.95, 0.05, 0.8, 20, 0.5105751228091218, 387, 126624, 39
0.01, 0.95, 0.05, 0.8, 20, 0.5471352717928334, 389, 56857, 43
0.01, 0.95, 0.05, 0.8, 20, 0.5236162907477735, 384, 126954, 40
0.01, 0.95, 0.05, 0.8, 20, 0.51262538511122, 387, 72643, 39
0.01, 0.95, 0.05, 0.8, 20, 0.5268599900601925, 388, 106867, 30
0.01, 0.95, 0.05, 0.8, 20, 0.5381902188074859, 385, 130912, 36
0.01, 0.95, 0.05, 0.8, 20, 0.541315779047301, 386, 95575, 36
0.01, 0.95, 0.05, 0.8, 20, 0.5265365493371745, 388, 104282, 36
0.01, 0.95, 0.05, 0.8, 20, 0.531463586088521, 386, 79096, 41
0.01, 0.95, 0.05, 0.8, 20, 0.530596627789233, 387, 94156, 31
0.01, 0.95, 0.05, 0.8, 20, 0.5303939352968421, 386, 102811, 32
0.01, 0.95, 0.05, 0.8, 20, 0.52245229189169, 385, 100188, 47
0.01, 0.95, 0.05, 0.8, 20, 0.5366846968102049, 387, 68643, 26
0.01, 0.95, 0.05, 0.8, 20, 0.5472874956311132, 387, 87314, 38
0.01, 0.95, 0.05, 0.8, 20, 0.5252890636405709, 388, 102215, 28
0.01, 0.95, 0.05, 0.8, 20, 0.548323097036111, 386, 105990, 34
0.01, 0.95, 0.05, 0.8, 20, 0.5215200687218173, 388, 157161, 45
0.01, 0.95, 0.05, 0.8, 20, 0.5497403256437096, 385, 88714, 36
0.01, 0.95, 0.05, 0.8, 20, 0.5331831315721057, 386, 107825, 40
0.01, 0.95, 0.05, 0.8, 20, 0.5272033111710249, 387, 105172, 38
0.01, 0.95, 0.05, 0.8, 20, 0.5565653747302813, 386, 63191, 31
0.01, 0.95, 0.01, 1.0, 10, 0.47447383626353795, 419, 6477, 0
0.01, 0.95, 0.01, 1.0, 10, 0.5364484500762488, 424, 9288, 0
0.01, 0.95, 0.01, 1.0, 10, 0.4588746367871118, 414, 14323, 0
0.01, 0.95, 0.01, 1.0, 10, 0.4706631061759118, 417, 14013, 0
0.01, 0.95, 0.01, 1.0, 10, 0.3842027445430887, 424, 25015, 0
0.01, 0.95, 0.01, 1.0, 10, 0.5158100407981853, 428, 4310, 0
0.01, 0.95, 0.01, 1.0, 10, 0.4800131117001228, 419, 8842, 0
0.01, 0.95, 0.01, 1.0, 10, 0.5014140567986894, 417, 11991, 0
0.01, 0.95, 0.01, 1.0, 10, 0.5141075135898586, 424, 4481, 0
0.01, 0.95, 0.01, 1.0, 10, 0.4864414481577037, 418, 6188, 0
0.01, 0.95, 0.01, 1.0, 10, 0.4947911820725954, 424, 2638, 0
0.01, 0.95, 0.01, 1.0, 10, 0.4716999842287277, 423, 4625, 0
0.01, 0.95, 0.01, 1.0, 10, 0.4828382040026586, 418, 9103, 0
0.01, 0.95, 0.01, 1.0, 10, 0.4995858544437296, 420, 14825, 0
0.01, 0.95, 0.01, 1.0, 10, 0.39936049704619325, 416, 14766, 0
0.01, 0.95, 0.01, 1.0, 10, 0.48373279358959, 422, 8432, 0
0.01, 0.95, 0.01, 1.0, 10, 0.47926600262177255, 419, 9703, 0
0.01, 0.95, 0.01, 1.0, 10, 0.5048986724729818, 421, 6823, 0
0.01, 0.95, 0.01, 1.0, 10, 0.44335991634076627, 420, 6504, 0
0.01, 0.95, 0.01, 1.0, 10, 0.46344071564091216, 416, 7712, 0
0.01, 0.95, 0.01, 1.0, 10, 0.4238479774365308, 417, 13686, 0
0.01, 0.95, 0.01, 1.0, 10, 0.47471045857391003, 422, 21064, 0
0.01, 0.95, 0.01, 1.0, 10, 0.4742302249939009, 420, 14743, 0
0.01, 0.95, 0.01, 1.0, 10, 0.49115072274185145, 417, 17504, 0
0.01, 0.95, 0.01, 1.0, 10, 0.3359653945819845, 429, 23953, 0
0.01, 0.95, 0.01, 1.0, 10, 0.49893082957599694, 424, 13895, 0
0.01, 0.95, 0.01, 1.0, 10, 0.5056662431596639, 419, 4078, 0
0.01, 0.95, 0.01, 1.0, 10, 0.47050652002873583, 429, 6260, 0
0.01, 0.95, 0.01, 1.0, 10, 0.41401644741617266, 417, 6958, 0
0.01, 0.95, 0.01, 1.0, 10, 0.43595927455068845, 423, 6131, 0
0.01, 0.95, 0.01, 1.0, 10, 0.46782273263788354, 420, 5219, 0
0.01, 0.95, 0.01, 1.0, 10, 0.3992531215045433, 410, 6654, 0
0.01, 0.95, 0.01, 1.0, 10, 0.47385889951774507, 423, 4652, 0
0.01, 0.95, 0.01, 1.0, 10, 0.5056705918501647, 417, 4937, 0
0.01, 0.95, 0.01, 1.0, 10, 0.4766883526457324, 414, 5999, 0
0.01, 0.95, 0.01, 1.0, 10, 0.4197995574710651, 419, 12404, 0
0.01, 0.95, 0.01, 1.0, 10, 0.4962894044107092, 417, 19005, 0
0.01, 0.95, 0.01, 1.0, 10, 0.5112110346971696, 420, 19013, 0
0.01, 0.95, 0.01, 1.0, 10, 0.4869927176133117, 412, 5649, 0
0.01, 0.95, 0.01, 1.0, 10, 0.4977474206251463, 420, 9213, 0
0.01, 0.95, 0.01, 1.0, 10, 0.41182055837209935, 415, 7048, 0
0.01, 0.95, 0.01, 1.0, 10, 0.46979585339586893, 422, 11970, 0
0.01, 0.95, 0.01, 1.0, 10, 0.4753668817742796, 416, 7453, 0
0.01, 0.95, 0.01, 1.0, 10, 0.483137695498787, 418, 4038, 0
0.01, 0.95, 0.01, 1.0, 10, 0.49105081670574097, 419, 9716, 0
0.01, 0.95, 0.01, 1.0, 10, 0.5030624708821825, 424, 9785, 0
0.01, 0.95, 0.01, 1.0, 10, 0.5029315691160564, 418, 4525, 0
0.01, 0.95, 0.01, 1.0, 10, 0.47519999962629444, 421, 25849, 0
0.01, 0.95, 0.01, 1.0, 10, 0.5059298297528646, 421, 10832, 0
0.01, 0.95, 0.01, 1.0, 10, 0.4958296056631042, 424, 7578, 0
0.01, 0.95, 0.01, 1.0, 20, 0.495473383052184, 417, 19286, 0
0.01, 0.95, 0.01, 1.0, 20, 0.4911814849667283, 419, 28477, 0
0.01, 0.95, 0.01, 1.0, 20, 0.5210986998915896, 418, 19518, 0
0.01, 0.95, 0.01, 1.0, 20, 0.5333943365978682, 424, 11789, 0
0.01, 0.95, 0.01, 1.0, 20, 0.5205353193232191, 412, 33116, 0
0.01, 0.95, 0.01, 1.0, 20, 0.5100569424407114, 425, 23004, 0
0.01, 0.95, 0.01, 1.0, 20, 0.5241929153486014, 431, 34360, 0
0.01, 0.95, 0.01, 1.0, 20, 0.5027054917368652, 415, 26636, 0
0.01, 0.95, 0.01, 1.0, 20, 0.5079375854607078, 423, 40152, 0
0.01, 0.95, 0.01, 1.0, 20, 0.5073919998127062, 419, 23583, 0
0.01, 0.95, 0.01, 1.0, 20, 0.5109241960256307, 427, 14308, 0
0.01, 0.95, 0.01, 1.0, 20, 0.5313643856389533, 422, 11408, 0
0.01, 0.95, 0.01, 1.0, 20, 0.5266934755899574, 407, 24526, 0
0.01, 0.95, 0.01, 1.0, 20, 0.4915049713575973, 418, 23793, 0
0.01, 0.95, 0.01, 1.0, 20, 0.4925972014095022, 414, 13356, 0
0.01, 0.95, 0.01, 1.0, 20, 0.5151059326918408, 416, 39571, 0
0.01, 0.95, 0.01, 1.0, 20, 0.47048957884694736, 420, 18448, 0
0.01, 0.95, 0.01, 1.0, 20, 0.5002027542947389, 416, 14081, 0
0.01, 0.95, 0.01, 1.0, 20, 0.5092831214527187, 415, 24661, 0
0.01, 0.95, 0.01, 1.0, 20, 0.47713153997613017, 413, 17314, 0
0.01, 0.95, 0.01, 1.0, 20, 0.510769330363625, 414, 31330, 0
0.01, 0.95, 0.01, 1.0, 20, 0.5090013928802997, 423, 30482, 0
0.01, 0.95, 0.01, 1.0, 20, 0.4858942757051209, 423, 20371, 0
0.01, 0.95, 0.01, 1.0, 20, 0.524085981647817, 425, 14184, 0
0.01, 0.95, 0.01, 1.0, 20, 0.4991399544617486, 418, 18582, 0
0.01, 0.95, 0.01, 1.0, 20, 0.49242077852817157, 422, 21535, 0
0.01, 0.95, 0.01, 1.0, 20, 0.5350348773640581, 413, 26321, 0
0.01, 0.95, 0.01, 1.0, 20, 0.500686597819987, 415, 29237, 0
0.01, 0.95, 0.01, 1.0, 20, 0.4466066548962293, 422, 53897, 0
0.01, 0.95, 0.01, 1.0, 20, 0.474665735136402, 417, 13561, 0
0.01, 0.95, 0.01, 1.0, 20, 0.4864583091977689, 417, 61567, 0
0.01, 0.95, 0.01, 1.0, 20, 0.5170068791586179, 415, 17925, 0
0.01, 0.95, 0.01, 1.0, 20, 0.49981786611353607, 418, 15247, 0
0.01, 0.95, 0.01, 1.0, 20, 0.5268798702907179, 415, 15587, 0
0.01, 0.95, 0.01, 1.0, 20, 0.48535257370464374, 422, 29225, 0
0.01, 0.95, 0.01, 1.0, 20, 0.5100947577949038, 422, 21811, 0
0.01, 0.95, 0.01, 1.0, 20, 0.5217753792114874, 415, 41357, 0
0.01, 0.95, 0.01, 1.0, 20, 0.5374018959073272, 418, 30799, 0
0.01, 0.95, 0.01, 1.0, 20, 0.4782218448751232, 424, 17789, 0
0.01, 0.95, 0.01, 1.0, 20, 0.5127718303678926, 421, 35973, 0
0.01, 0.95, 0.01, 1.0, 20, 0.45850253804086294, 418, 28023, 0
0.01, 0.95, 0.01, 1.0, 20, 0.48963811724567513, 416, 23791, 0
0.01, 0.95, 0.01, 1.0, 20, 0.45521033678763295, 417, 22912, 0
0.01, 0.95, 0.01, 1.0, 20, 0.5180706567318712, 416, 44156, 0
0.01, 0.95, 0.01, 1.0, 20, 0.48807589865256945, 424, 20540, 0
0.01, 0.95, 0.01, 1.0, 20, 0.5032921530898906, 423, 19640, 0
0.01, 0.95, 0.01, 1.0, 20, 0.5004801084671007, 417, 26760, 0
0.01, 0.95, 0.01, 1.0, 20, 0.5110228753321737, 414, 25761, 0
0.01, 0.95, 0.01, 1.0, 20, 0.5193502874317685, 413, 21540, 0
0.01, 0.95, 0.01, 1.0, 20, 0.5103466593224417, 422, 23934, 0
0.01, 0.95, 0.01, 0.9, 10, 0.4725172395447788, 424, 48255, 16
0.01, 0.95, 0.01, 0.9, 10, 0.5029725320669494, 419, 29230, 3
0.01, 0.95, 0.01, 0.9, 10, 0.5057182151087962, 425, 9654, 3
0.01, 0.95, 0.01, 0.9, 10, 0.5119885317751224, 420, 8940, 9
0.01, 0.95, 0.01, 0.9, 10, 0.49639547356273006, 418, 40053, 4
0.01, 0.95, 0.01, 0.9, 10, 0.5073044854428531, 420, 18672, 5
0.01, 0.95, 0.01, 0.9, 10, 0.5195768430857088, 419, 38777, 9
0.01, 0.95, 0.01, 0.9, 10, 0.5138192035779978, 416, 31140, 7
0.01, 0.95, 0.01, 0.9, 10, 0.512362815488367, 421, 12605, 5
0.01, 0.95, 0.01, 0.9, 10, 0.46164739017840567, 414, 15652, 10
0.01, 0.95, 0.01, 0.9, 10, 0.5046736559760757, 420, 20272, 5
0.01, 0.95, 0.01, 0.9, 10, 0.5040839256570866, 414, 6117, 3
0.01, 0.95, 0.01, 0.9, 10, 0.4772025294878672, 417, 29245, 5
0.01, 0.95, 0.01, 0.9, 10, 0.5006387261395264, 420, 26200, 9
0.01, 0.95, 0.01, 0.9, 10, 0.3420729324450687, 426, 55932, 10
0.01, 0.95, 0.01, 0.9, 10, 0.47984613673333837, 420, 35293, 12
0.01, 0.95, 0.01, 0.9, 10, 0.5007761866334157, 422, 6193, 4
0.01, 0.95, 0.01, 0.9, 10, 0.5221216847866362, 429, 6030, 4
0.01, 0.95, 0.01, 0.9, 10, 0.4710119367431274, 416, 61140, 11
0.01, 0.95, 0.01, 0.9, 10, 0.49504897756002947, 413, 49848, 14
0.01, 0.95, 0.01, 0.9, 10, 0.5067947672202274, 419, 30202, 8
0.01, 0.95, 0.01, 0.9, 10, 0.49548985339981894, 415, 19197, 10
0.01, 0.95, 0.01, 0.9, 10, 0.44311679103829976, 413, 39227, 10
0.01, 0.95, 0.01, 0.9, 10, 0.5093256073283985, 420, 33856, 11
0.01, 0.95, 0.01, 0.9, 10, 0.4898887228976408, 420, 25174, 5
0.01, 0.95, 0.01, 0.9, 10, 0.4894840196148853, 414, 49600, 11
0.01, 0.95, 0.01, 0.9, 10, 0.4888736000790789, 414, 7016, 6
0.01, 0.95, 0.01, 0.9, 10, 0.4980357937862198, 420, 12508, 10
0.01, 0.95, 0.01, 0.9, 10, 0.5044054945940756, 419, 30104, 5
0.01, 0.95, 0.01, 0.9, 10, 0.4198675379694981, 417, 21491, 9
0.01, 0.95, 0.01, 0.9, 10, 0.4988514080967278, 412, 50362, 13
0.01, 0.95, 0.01, 0.9, 10, 0.4989815814883467, 413, 39108, 13
0.01, 0.95, 0.01, 0.9, 10, 0.5154820336968021, 418, 12780, 6
0.01, 0.95, 0.01, 0.9, 10, 0.43594705412369467, 415, 8653, 7
0.01, 0.95, 0.01, 0.9, 10, 0.4748765100918407, 418, 33605, 10
0.01, 0.95, 0.01, 0.9, 10, 0.5220954190752914, 422, 19434, 4
0.01, 0.95, 0.01, 0.9, 10, 0.4381797084845047, 413, 30470, 8
0.01, 0.95, 0.01, 0.9, 10, 0.49862144156920996, 421, 40943, 9
0.01, 0.95, 0.01, 0.9, 10, 0.44521122926747986, 412, 12904, 11
0.01, 0.95, 0.01, 0.9, 10, 0.5076064173586187, 420, 25207, 17
0.01, 0.95, 0.01, 0.9, 10, 0.4925531649958244, 417, 15783, 10
0.01, 0.95, 0.01, 0.9, 10, 0.4817029820050866, 412, 19214, 6
0.01, 0.95, 0.01, 0.9, 10, 0.4896026965482097, 417, 70837, 17
0.01, 0.95, 0.01, 0.9, 10, 0.5033796358790367, 419, 66000, 7
0.01, 0.95, 0.01, 0.9, 10, 0.5219936282982952, 418, 6349, 4
0.01, 0.95, 0.01, 0.9, 10, 0.5095416530671141, 414, 16502, 7
0.01, 0.95, 0.01, 0.9, 10, 0.4302752903706189, 411, 18094, 4
0.01, 0.95, 0.01, 0.9, 10, 0.5106854222127308, 417, 9838, 1
0.01, 0.95, 0.01, 0.9, 10, 0.49324152629057505, 421, 32657, 6
0.01, 0.95, 0.01, 0.9, 10, 0.49659044341335357, 416, 35394, 10
0.01, 0.95, 0.01, 0.9, 20, 0.5072290726749865, 414, 47207, 4
0.01, 0.95, 0.01, 0.9, 20, 0.49892008189375164, 417, 47410, 7
0.01, 0.95, 0.01, 0.9, 20, 0.5111668540551354, 419, 14756, 2
0.01, 0.95, 0.01, 0.9, 20, 0.5355727754052764, 416, 14074, 0
0.01, 0.95, 0.01, 0.9, 20, 0.4803279504911756, 418, 31217, 4
0.01, 0.95, 0.01, 0.9, 20, 0.48981415601421047, 412, 56258, 6
0.01, 0.95, 0.01, 0.9, 20, 0.5081676412417624, 421, 31959, 3
0.01, 0.95, 0.01, 0.9, 20, 0.48596352667359244, 421, 35375, 3
0.01, 0.95, 0.01, 0.9, 20, 0.5241979446811962, 425, 29119, 6
0.01, 0.95, 0.01, 0.9, 20, 0.514082351942478, 421, 24731, 5
0.01, 0.95, 0.01, 0.9, 20, 0.538762953638864, 413, 42990, 4
0.01, 0.95, 0.01, 0.9, 20, 0.47843343299917396, 420, 50125, 8
0.01, 0.95, 0.01, 0.9, 20, 0.5271408193384841, 418, 15553, 6
0.01, 0.95, 0.01, 0.9, 20, 0.5050936006014667, 423, 64513, 10
0.01, 0.95, 0.01, 0.9, 20, 0.49258588658044433, 431, 41124, 7
0.01, 0.95, 0.01, 0.9, 20, 0.5004231295953914, 420, 15248, 4
0.01, 0.95, 0.01, 0.9, 20, 0.5208843918244018, 414, 32900, 5
0.01, 0.95, 0.01, 0.9, 20, 0.5231308430578279, 416, 29947, 2
0.01, 0.95, 0.01, 0.9, 20, 0.5148902179743527, 429, 53994, 7
0.01, 0.95, 0.01, 0.9, 20, 0.5282508507749792, 425, 17772, 6
0.01, 0.95, 0.01, 0.9, 20, 0.5343255154107516, 414, 10721, 1
0.01, 0.95, 0.01, 0.9, 20, 0.48693597720756726, 423, 34997, 11
0.01, 0.95, 0.01, 0.9, 20, 0.5225044240315121, 414, 23901, 2
0.01, 0.95, 0.01, 0.9, 20, 0.5278977467406701, 422, 72610, 13
0.01, 0.95, 0.01, 0.9, 20, 0.5115434235416266, 418, 24195, 0
0.01, 0.95, 0.01, 0.9, 20, 0.4935135185150964, 407, 22830, 2
0.01, 0.95, 0.01, 0.9, 20, 0.5023180606430131, 417, 55679, 3
0.01, 0.95, 0.01, 0.9, 20, 0.5210468117386337, 416, 32060, 4
0.01, 0.95, 0.01, 0.9, 20, 0.4917050697976982, 422, 21043, 5
0.01, 0.95, 0.01, 0.9, 20, 0.49068527940467394, 416, 41596, 2
0.01, 0.95, 0.01, 0.9, 20, 0.5093140714863452, 421, 11033, 3
0.01, 0.95, 0.01, 0.9, 20, 0.5217699727150651, 418, 9485, 2
0.01, 0.95, 0.01, 0.9, 20, 0.5392545265735694, 414, 16517, 0
0.01, 0.95, 0.01, 0.9, 20, 0.49724698784874555, 422, 42969, 6
0.01, 0.95, 0.01, 0.9, 20, 0.5269252130497398, 416, 31870, 8
0.01, 0.95, 0.01, 0.9, 20, 0.518490930802996, 415, 25261, 3
0.01, 0.95, 0.01, 0.9, 20, 0.5010746473019908, 426, 18830, 8
0.01, 0.95, 0.01, 0.9, 20, 0.5220995877049432, 423, 21445, 1
0.01, 0.95, 0.01, 0.9, 20, 0.5045391165641206, 414, 50905, 3
0.01, 0.95, 0.01, 0.9, 20, 0.5261440439828173, 411, 20242, 3
0.01, 0.95, 0.01, 0.9, 20, 0.5172106085900334, 419, 46264, 5
0.01, 0.95, 0.01, 0.9, 20, 0.5101898575907091, 426, 37481, 2
0.01, 0.95, 0.01, 0.9, 20, 0.5505195655963371, 416, 8472, 0
0.01, 0.95, 0.01, 0.9, 20, 0.5362402583219724, 421, 15710, 4
0.01, 0.95, 0.01, 0.9, 20, 0.49550591689342827, 419, 33616, 10
0.01, 0.95, 0.01, 0.9, 20, 0.5052549442544808, 423, 25046, 3
0.01, 0.95, 0.01, 0.9, 20, 0.5407966358837677, 407, 49646, 6
0.01, 0.95, 0.01, 0.9, 20, 0.5263526587418639, 426, 44063, 4
0.01, 0.95, 0.01, 0.9, 20, 0.5071895849768977, 414, 28117, 3
0.01, 0.95, 0.01, 0.9, 20, 0.5261640266640711, 426, 10283, 2
0.01, 0.95, 0.01, 0.8, 10, 0.5322818980197551, 414, 94558, 46
0.01, 0.95, 0.01, 0.8, 10, 0.5558254729990532, 417, 75081, 40
0.01, 0.95, 0.01, 0.8, 10, 0.552836853504085, 426, 112514, 45
0.01, 0.95, 0.01, 0.8, 10, 0.44973617081958683, 412, 82366, 49
0.01, 0.95, 0.01, 0.8, 10, 0.521546110619188, 412, 107920, 47
0.01, 0.95, 0.01, 0.8, 10, 0.5441047912429415, 417, 149931, 38
0.01, 0.95, 0.01, 0.8, 10, 0.5344423215370736, 411, 60120, 48
0.01, 0.95, 0.01, 0.8, 10, 0.5523322308408164, 417, 98435, 38
0.01, 0.95, 0.01, 0.8, 10, 0.5275882131479503, 413, 121899, 52
0.01, 0.95, 0.01, 0.8, 10, 0.5324774763975612, 408, 118845, 56
0.01, 0.95, 0.01, 0.8, 10, 0.526692583097835, 414, 88313, 44
0.01, 0.95, 0.01, 0.8, 10, 0.5202931043950352, 416, 126612, 42
0.01, 0.95, 0.01, 0.8, 10, 0.5545310225857137, 420, 63020, 41
0.01, 0.95, 0.01, 0.8, 10, 0.5457103673617448, 406, 104857, 36
0.01, 0.95, 0.01, 0.8, 10, 0.528828037975767, 420, 74774, 43
0.01, 0.95, 0.01, 0.8, 10, 0.5446742654297477, 415, 126103, 46
0.01, 0.95, 0.01, 0.8, 10, 0.5262317765269049, 412, 133995, 45
0.01, 0.95, 0.01, 0.8, 10, 0.5307780286656867, 420, 69048, 40
0.01, 0.95, 0.01, 0.8, 10, 0.5252051247109566, 411, 70632, 48
0.01, 0.95, 0.01, 0.8, 10, 0.5597740055129402, 412, 57027, 44
0.01, 0.95, 0.01, 0.8, 10, 0.5347092476861385, 418, 142114, 50
0.01, 0.95, 0.01, 0.8, 10, 0.5279247420255528, 425, 98052, 44
0.01, 0.95, 0.01, 0.8, 10, 0.5423115843199336, 425, 94814, 39
0.01, 0.95, 0.01, 0.8, 10, 0.5429626037215464, 410, 156286, 45
0.01, 0.95, 0.01, 0.8, 10, 0.5313952058150244, 426, 119390, 51
0.01, 0.95, 0.01, 0.8, 10, 0.537029582969286, 407, 147175, 42
0.01, 0.95, 0.01, 0.8, 10, 0.3798912193193941, 421, 96881, 49
0.01, 0.95, 0.01, 0.8, 10, 0.4639061871781588, 414, 77651, 50
0.01, 0.95, 0.01, 0.8, 10, 0.5470545000437727, 418, 88752, 43
0.01, 0.95, 0.01, 0.8, 10, 0.5495633661770822, 421, 95655, 37
0.01, 0.95, 0.01, 0.8, 10, 0.5266330545027027, 414, 58187, 41
0.01, 0.95, 0.01, 0.8, 10, 0.4425386373687329, 417, 64095, 43
0.01, 0.95, 0.01, 0.8, 10, 0.5165594635631799, 414, 120969, 59
0.01, 0.95, 0.01, 0.8, 10, 0.5271763357907452, 418, 110938, 53
0.01, 0.95, 0.01, 0.8, 10, 0.38618405711934056, 418, 100360, 37
0.01, 0.95, 0.01, 0.8, 10, 0.46311223603408497, 411, 133032, 55
0.01, 0.95, 0.01, 0.8, 10, 0.5323785878624867, 415, 78846, 36
0.01, 0.95, 0.01, 0.8, 10, 0.528814942145998, 415, 88622, 37
0.01, 0.95, 0.01, 0.8, 10, 0.5503710624676605, 420, 103434, 44
0.01, 0.95, 0.01, 0.8, 10, 0.5229421125565459, 415, 116693, 63
0.01, 0.95, 0.01, 0.8, 10, 0.4578480808734288, 417, 172065, 66
0.01, 0.95, 0.01, 0.8, 10, 0.5504901127571552, 420, 71176, 39
0.01, 0.95, 0.01, 0.8, 10, 0.5483332648002006, 414, 102608, 50
0.01, 0.95, 0.01, 0.8, 10, 0.5547487051061792, 418, 41749, 40
0.01, 0.95, 0.01, 0.8, 10, 0.5364625182325999, 413, 68770, 28
0.01, 0.95, 0.01, 0.8, 10, 0.5273740072707573, 415, 111568, 52
0.01, 0.95, 0.01, 0.8, 10, 0.549085698033715, 406, 78455, 48
0.01, 0.95, 0.01, 0.8, 10, 0.5661851886276911, 413, 97411, 36
0.01, 0.95, 0.01, 0.8, 10, 0.5386783614202848, 425, 60162, 44
0.01, 0.95, 0.01, 0.8, 10, 0.5385925791929407, 419, 127530, 55
0.01, 0.95, 0.01, 0.8, 20, 0.5651253676244145, 406, 36609, 28
0.01, 0.95, 0.01, 0.8, 20, 0.529693721487049, 411, 133129, 41
0.01, 0.95, 0.01, 0.8, 20, 0.5379346141434016, 416, 48627, 32
0.01, 0.95, 0.01, 0.8, 20, 0.528298278318956, 410, 149037, 43
0.01, 0.95, 0.01, 0.8, 20, 0.5297807567704854, 418, 100724, 40
0.01, 0.95, 0.01, 0.8, 20, 0.5262701345099987, 413, 82156, 39
0.01, 0.95, 0.01, 0.8, 20, 0.5161902553198012, 414, 45725, 44
0.01, 0.95, 0.01, 0.8, 20, 0.5260120525013067, 415, 84289, 34
0.01, 0.95, 0.01, 0.8, 20, 0.5474273561523841, 417, 106838, 36
0.01, 0.95, 0.01, 0.8, 20, 0.5310957206595103, 409, 141934, 45
0.01, 0.95, 0.01, 0.8, 20, 0.5537347834694966, 414, 109986, 43
0.01, 0.95, 0.01, 0.8, 20, 0.5423211391644963, 413, 147686, 48
0.01, 0.95, 0.01, 0.8, 20, 0.5315253011822403, 427, 32138, 24
0.01, 0.95, 0.01, 0.8, 20, 0.5537583938777204, 408, 125947, 52
0.01, 0.95, 0.01, 0.8, 20, 0.5465522958241793, 415, 119790, 48
0.01, 0.95, 0.01, 0.8, 20, 0.5268153237106801, 419, 81072, 38
0.01, 0.95, 0.01, 0.8, 20, 0.5291907644984465, 412, 94159, 27
0.01, 0.95, 0.01, 0.8, 20, 0.5202957791688235, 415, 113145, 41
0.01, 0.95, 0.01, 0.8, 20, 0.5319748586252913, 422, 108926, 42
0.01, 0.95, 0.01, 0.8, 20, 0.5248301372165886, 409, 109959, 44
0.01, 0.95, 0.01, 0.8, 20, 0.5109485713915639, 416, 83622, 47
0.01, 0.95, 0.01, 0.8, 20, 0.5366854265824141, 408, 110651, 49
0.01, 0.95, 0.01, 0.8, 20, 0.5499994821126718, 419, 59520, 28
0.01, 0.95, 0.01, 0.8, 20, 0.5411092050746973, 418, 166046, 39
0.01, 0.95, 0.01, 0.8, 20, 0.5205344504282023, 416, 98247, 41
0.01, 0.95, 0.01, 0.8, 20, 0.5660286750387008, 408, 72811, 41
0.01, 0.95, 0.01, 0.8, 20, 0.5136253989731525, 413, 97815, 50
0.01, 0.95, 0.01, 0.8, 20, 0.5270141659857961, 421, 100848, 45
0.01, 0.95, 0.01, 0.8, 20, 0.5296203578325203, 421, 44433, 35
0.01, 0.95, 0.01, 0.8, 20, 0.524872140919311, 414, 147252, 46
0.01, 0.95, 0.01, 0.8, 20, 0.5285540707327014, 416, 88463, 39
0.01, 0.95, 0.01, 0.8, 20, 0.539837383195205, 414, 106688, 47
0.01, 0.95, 0.01, 0.8, 20, 0.5286029477798717, 415, 108302, 45
0.01, 0.95, 0.01, 0.8, 20, 0.5511287822889889, 418, 97558, 42
0.01, 0.95, 0.01, 0.8, 20, 0.5523508575575669, 406, 106771, 36
0.01, 0.95, 0.01, 0.8, 20, 0.5361906771629456, 421, 89430, 41
0.01, 0.95, 0.01, 0.8, 20, 0.535789070909581, 416, 111723, 39
0.01, 0.95, 0.01, 0.8, 20, 0.5297786786643042, 424, 117357, 44
0.01, 0.95, 0.01, 0.8, 20, 0.5250053575748936, 427, 86686, 44
0.01, 0.95, 0.01, 0.8, 20, 0.5245910060644376, 408, 97782, 33
0.01, 0.95, 0.01, 0.8, 20, 0.5200243979515662, 409, 123933, 40
0.01, 0.95, 0.01, 0.8, 20, 0.5256587703991247, 411, 100238, 46
0.01, 0.95, 0.01, 0.8, 20, 0.5335902262256697, 404, 101911, 39
0.01, 0.95, 0.01, 0.8, 20, 0.5229109531508178, 406, 101404, 42
0.01, 0.95, 0.01, 0.8, 20, 0.5367648673066856, 408, 115663, 33
0.01, 0.95, 0.01, 0.8, 20, 0.5455363839361019, 414, 137599, 39
0.01, 0.95, 0.01, 0.8, 20, 0.5367220020387252, 407, 67321, 41
0.01, 0.95, 0.01, 0.8, 20, 0.5348616907350368, 411, 89075, 44
0.01, 0.95, 0.01, 0.8, 20, 0.5436591172768722, 417, 86674, 35
0.01, 0.95, 0.01, 0.8, 20, 0.5023404435307629, 410, 54463, 29
0.01, 0.95, 0.001, 1.0, 10, 0.4961339206217236, 788, 12466, 0
0.01, 0.95, 0.001, 1.0, 10, 0.49070648430462555, 792, 12176, 0
0.01, 0.95, 0.001, 1.0, 10, 0.4452594423463836, 816, 10995, 0
0.01, 0.95, 0.001, 1.0, 10, 0.4487242359676298, 811, 25974, 0
0.01, 0.95, 0.001, 1.0, 10, 0.49147955793105885, 796, 6268, 0
0.01, 0.95, 0.001, 1.0, 10, 0.490470474161211, 768, 11917, 0
0.01, 0.95, 0.001, 1.0, 10, 0.4627711055128034, 790, 11742, 0
0.01, 0.95, 0.001, 1.0, 10, 0.46376474990170236, 788, 13790, 0
0.01, 0.95, 0.001, 1.0, 10, 0.47309689064864335, 770, 11777, 0
0.01, 0.95, 0.001, 1.0, 10, 0.521226544223088, 739, 13895, 0
0.01, 0.95, 0.001, 1.0, 10, 0.5001778806605844, 764, 10893, 0
0.01, 0.95, 0.001, 1.0, 10, 0.30358010773376115, 934, 14708, 0
0.01, 0.95, 0.001, 1.0, 10, 0.4900101545892798, 760, 18823, 0
0.01, 0.95, 0.001, 1.0, 10, 0.4738122532325031, 783, 15320, 0
0.01, 0.95, 0.001, 1.0, 10, 0.49842198891704587, 759, 22253, 0
0.01, 0.95, 0.001, 1.0, 10, 0.48682707825508076, 807, 14962, 0
0.01, 0.95, 0.001, 1.0, 10, 0.509343173372496, 836, 12677, 0
0.01, 0.95, 0.001, 1.0, 10, 0.46262210376801854, 788, 11391, 0
0.01, 0.95, 0.001, 1.0, 10, 0.5045104161018271, 768, 2968, 0
0.01, 0.95, 0.001, 1.0, 10, 0.4562425054807345, 798, 31041, 0
0.01, 0.95, 0.001, 1.0, 10, 0.4867155556564662, 760, 9194, 0
0.01, 0.95, 0.001, 1.0, 10, 0.501704233895868, 790, 14212, 0
0.01, 0.95, 0.001, 1.0, 10, 0.455142422870379, 807, 22823, 0
0.01, 0.95, 0.001, 1.0, 10, 0.5079429857150533, 777, 14623, 0
0.01, 0.95, 0.001, 1.0, 10, 0.5131890038701041, 817, 7670, 0
0.01, 0.95, 0.001, 1.0, 10, 0.4536273960461925, 793, 12364, 0
0.01, 0.95, 0.001, 1.0, 10, 0.49762172683923966, 778, 12040, 0
0.01, 0.95, 0.001, 1.0, 10, 0.4190898355067692, 767, 21777, 0
0.01, 0.95, 0.001, 1.0, 10, 0.49289510366942124, 828, 19183, 0
0.01, 0.95, 0.001, 1.0, 10, 0.4811065694845477, 797, 17088, 0
0.01, 0.95, 0.001, 1.0, 10, 0.49577955278990926, 758, 11243, 0
0.01, 0.95, 0.001, 1.0, 10, 0.47422672569801877, 775, 12915, 0
0.01, 0.95, 0.001, 1.0, 10, 0.4834271608894937, 776, 8446, 0
0.01, 0.95, 0.001, 1.0, 10, 0.4701024894978976, 792, 6958, 0
0.01, 0.95, 0.001, 1.0, 10, 0.45603388547346124, 796, 14840, 0
0.01, 0.95, 0.001, 1.0, 10, 0.46713803539197457, 779, 8781, 0
0.01, 0.95, 0.001, 1.0, 10, 0.3447863135356057, 916, 9775, 0
0.01, 0.95, 0.001, 1.0, 10, 0.47433861299857755, 791, 16240, 0
0.01, 0.95, 0.001, 1.0, 10, 0.4796480869791043, 777, 15128, 0
0.01, 0.95, 0.001, 1.0, 10, 0.5011993713764779, 782, 9798, 0
0.01, 0.95, 0.001, 1.0, 10, 0.4844999905771814, 794, 17280, 0
0.01, 0.95, 0.001, 1.0, 10, 0.4821931760000224, 803, 17511, 0
0.01, 0.95, 0.001, 1.0, 10, 0.5015694575626568, 782, 11830, 0
0.01, 0.95, 0.001, 1.0, 10, 0.450888655682732, 811, 13771, 0
0.01, 0.95, 0.001, 1.0, 10, 0.4924246365699406, 773, 10886, 0
0.01, 0.95, 0.001, 1.0, 10, 0.47785481802989205, 795, 15978, 0
0.01, 0.95, 0.001, 1.0, 10, 0.35298748631343785, 898, 17276, 0
0.01, 0.95, 0.001, 1.0, 10, 0.4771257517083741, 776, 19229, 0
0.01, 0.95, 0.001, 1.0, 10, 0.48212324805079887, 789, 16826, 0
0.01, 0.95, 0.001, 1.0, 10, 0.41733950955014476, 757, 19897, 0
0.01, 0.95, 0.001, 1.0, 20, 0.48867084471814604, 764, 49912, 0
0.01, 0.95, 0.001, 1.0, 20, 0.5252888642868515, 801, 11013, 0
0.01, 0.95, 0.001, 1.0, 20, 0.49068897495695996, 766, 26851, 0
0.01, 0.95, 0.001, 1.0, 20, 0.5070417639304002, 766, 30979, 0
0.01, 0.95, 0.001, 1.0, 20, 0.5107240022723941, 806, 41921, 0
0.01, 0.95, 0.001, 1.0, 20, 0.5089503264669012, 767, 19598, 0
0.01, 0.95, 0.001, 1.0, 20, 0.5185518553921508, 748, 20130, 0
0.01, 0.95, 0.001, 1.0, 20, 0.494852611942302, 764, 22048, 0
0.01, 0.95, 0.001, 1.0, 20, 0.49050341520865226, 772, 36124, 0
0.01, 0.95, 0.001, 1.0, 20, 0.5135056990356769, 803, 18126, 0
0.01, 0.95, 0.001, 1.0, 20, 0.5040893696820096, 752, 19734, 0
0.01, 0.95, 0.001, 1.0, 20, 0.5175185509599348, 803, 37384, 0
0.01, 0.95, 0.001, 1.0, 20, 0.4984364522612056, 762, 29842, 0
0.01, 0.95, 0.001, 1.0, 20, 0.5227881025968337, 786, 36665, 0
0.01, 0.95, 0.001, 1.0, 20, 0.4930732546626948, 785, 31796, 0
0.01, 0.95, 0.001, 1.0, 20, 0.5014709930622991, 772, 24932, 0
0.01, 0.95, 0.001, 1.0, 20, 0.4990930414808497, 781, 8006, 0
0.01, 0.95, 0.001, 1.0, 20, 0.4842973950054758, 776, 14508, 0
0.01, 0.95, 0.001, 1.0, 20, 0.5216385601396463, 778, 30375, 0
0.01, 0.95, 0.001, 1.0, 20, 0.5291904272304787, 812, 32136, 0
0.01, 0.95, 0.001, 1.0, 20, 0.4430768847800091, 795, 27014, 0
0.01, 0.95, 0.001, 1.0, 20, 0.5160034881634631, 772, 13978, 0
0.01, 0.95, 0.001, 1.0, 20, 0.5197617340893708, 808, 49741, 0
0.01, 0.95, 0.001, 1.0, 20, 0.4451980593326994, 732, 69050, 0
0.01, 0.95, 0.001, 1.0, 20, 0.5065746305765051, 769, 24113, 0
0.01, 0.95, 0.001, 1.0, 20, 0.5173813439206524, 740, 17141, 0
0.01, 0.95, 0.001, 1.0, 20, 0.511212765447007, 816, 14482, 0
0.01, 0.95, 0.001, 1.0, 20, 0.48762960934633465, 767, 35861, 0
0.01, 0.95, 0.001, 1.0, 20, 0.49791327419756687, 761, 36835, 0
0.01, 0.95, 0.001, 1.0, 20, 0.4906838068865621, 762, 41108, 0
0.01, 0.95, 0.001, 1.0, 20, 0.5122623964564784, 743, 11665, 0
0.01, 0.95, 0.001, 1.0, 20, 0.4909113945363089, 786, 10783, 0
0.01, 0.95, 0.001, 1.0, 20, 0.5016547849207018, 744, 25368, 0
0.01, 0.95, 0.001, 1.0, 20, 0.5289169094811974, 795, 29614, 0
0.01, 0.95, 0.001, 1.0, 20, 0.5049407995731227, 761, 33141, 0
0.01, 0.95, 0.001, 1.0, 20, 0.4918653881241611, 765, 14295, 0
0.01, 0.95, 0.001, 1.0, 20, 0.45983671581725166, 796, 15679, 0
0.01, 0.95, 0.001, 1.0, 20, 0.4961993165958911, 782, 20408, 0
0.01, 0.95, 0.001, 1.0, 20, 0.4733134929028374, 772, 40756, 0
0.01, 0.95, 0.001, 1.0, 20, 0.5150218463937931, 771, 30891, 0
0.01, 0.95, 0.001, 1.0, 20, 0.4774130019483011, 785, 22364, 0
0.01, 0.95, 0.001, 1.0, 20, 0.4908684087458666, 746, 19083, 0
0.01, 0.95, 0.001, 1.0, 20, 0.49143823725198527, 764, 14075, 0
0.01, 0.95, 0.001, 1.0, 20, 0.5069688344435472, 811, 37611, 0
0.01, 0.95, 0.001, 1.0, 20, 0.45910271722731455, 791, 23820, 0
0.01, 0.95, 0.001, 1.0, 20, 0.5060099683378997, 785, 21792, 0
0.01, 0.95, 0.001, 1.0, 20, 0.4960412255149548, 776, 32345, 0
0.01, 0.95, 0.001, 1.0, 20, 0.47232995019062685, 788, 41290, 0
0.01, 0.95, 0.001, 1.0, 20, 0.3456369490043217, 887, 12582, 0
0.01, 0.95, 0.001, 1.0, 20, 0.48023738098948165, 791, 17600, 0
0.01, 0.95, 0.001, 0.9, 10, 0.4520149249868475, 733, 38674, 16
0.01, 0.95, 0.001, 0.9, 10, 0.49597565133529975, 758, 15375, 7
0.01, 0.95, 0.001, 0.9, 10, 0.4263293183061996, 754, 33645, 13
0.01, 0.95, 0.001, 0.9, 10, 0.4522601869133611, 728, 43218, 13
0.01, 0.95, 0.001, 0.9, 10, 0.5093223958481548, 753, 31864, 10
0.01, 0.95, 0.001, 0.9, 10, 0.5100585228077006, 774, 70945, 18
0.01, 0.95, 0.001, 0.9, 10, 0.4995092321287852, 757, 41570, 13
0.01, 0.95, 0.001, 0.9, 10, 0.49105458397497237, 752, 25193, 14
0.01, 0.95, 0.001, 0.9, 10, 0.4933066993449865, 761, 39205, 11
0.01, 0.95, 0.001, 0.9, 10, 0.4870036171675867, 766, 20488, 13
0.01, 0.95, 0.001, 0.9, 10, 0.5033271975197134, 775, 37270, 9
0.01, 0.95, 0.001, 0.9, 10, 0.49637479420434844, 763, 45900, 18
0.01, 0.95, 0.001, 0.9, 10, 0.4262528801363769, 748, 49228, 13
0.01, 0.95, 0.001, 0.9, 10, 0.41470346111041584, 760, 17023, 12
0.01, 0.95, 0.001, 0.9, 10, 0.5133015970404062, 791, 15749, 10
0.01, 0.95, 0.001, 0.9, 10, 0.5018381187940673, 754, 31378, 17
0.01, 0.95, 0.001, 0.9, 10, 0.5089743960706031, 791, 37879, 14
0.01, 0.95, 0.001, 0.9, 10, 0.5055175855768401, 752, 19153, 16
0.01, 0.95, 0.001, 0.9, 10, 0.49940258486057676, 754, 26938, 8
0.01, 0.95, 0.001, 0.9, 10, 0.5269485540930718, 741, 31028, 9
0.01, 0.95, 0.001, 0.9, 10, 0.4172599454929387, 756, 26994, 13
0.01, 0.95, 0.001, 0.9, 10, 0.49525720445628074, 758, 35532, 14
0.01, 0.95, 0.001, 0.9, 10, 0.42506104319653243, 743, 58614, 27
0.01, 0.95, 0.001, 0.9, 10, 0.4878550460648855, 761, 37509, 8
0.01, 0.95, 0.001, 0.9, 10, 0.496071286585664, 775, 33692, 13
0.01, 0.95, 0.001, 0.9, 10, 0.4113057171170395, 760, 44089, 13
0.01, 0.95, 0.001, 0.9, 10, 0.5103511750783699, 790, 29311, 8
0.01, 0.95, 0.001, 0.9, 10, 0.5302675945727356, 803, 32930, 10
0.01, 0.95, 0.001, 0.9, 10, 0.48949439265833244, 756, 20385, 12
0.01, 0.95, 0.001, 0.9, 10, 0.4372349982019667, 745, 23719, 10
0.01, 0.95, 0.001, 0.9, 10, 0.5065671071899125, 776, 35685, 17
0.01, 0.95, 0.001, 0.9, 10, 0.48584683112451515, 783, 51113, 16
0.01, 0.95, 0.001, 0.9, 10, 0.4745848297973576, 771, 60385, 16
0.01, 0.95, 0.001, 0.9, 10, 0.49894214473975346, 765, 44412, 14
0.01, 0.95, 0.001, 0.9, 10, 0.5092030993838588, 786, 22555, 8
0.01, 0.95, 0.001, 0.9, 10, 0.518494165224127, 761, 21486, 16
0.01, 0.95, 0.001, 0.9, 10, 0.4901298880435954, 761, 47842, 27
0.01, 0.95, 0.001, 0.9, 10, 0.4970998420856821, 769, 56357, 17
0.01, 0.95, 0.001, 0.9, 10, 0.49296265782831916, 757, 22364, 5
0.01, 0.95, 0.001, 0.9, 10, 0.48598562325659783, 780, 40590, 14
0.01, 0.95, 0.001, 0.9, 10, 0.4892161911190616, 768, 55016, 17
0.01, 0.95, 0.001, 0.9, 10, 0.5053057128936744, 770, 22409, 13
0.01, 0.95, 0.001, 0.9, 10, 0.5034879710027604, 747, 28493, 11
0.01, 0.95, 0.001, 0.9, 10, 0.5055507411683262, 745, 20498, 15
0.01, 0.95, 0.001, 0.9, 10, 0.5146394276271609, 779, 20974, 10
0.01, 0.95, 0.001, 0.9, 10, 0.5113056565394267, 755, 40641, 9
0.01, 0.95, 0.001, 0.9, 10, 0.5209175587899578, 756, 27282, 10
0.01, 0.95, 0.001, 0.9, 10, 0.5089754831979716, 736, 23937, 5
0.01, 0.95, 0.001, 0.9, 10, 0.32729732195794514, 915, 14572, 9
0.01, 0.95, 0.001, 0.9, 10, 0.5034903066324518, 774, 40444, 13
0.01, 0.95, 0.001, 0.9, 20, 0.4822980290002999, 776, 29973, 9
0.01, 0.95, 0.001, 0.9, 20, 0.4946399379300257, 760, 45757, 6
0.01, 0.95, 0.001, 0.9, 20, 0.5037693904823933, 759, 26880, 10
0.01, 0.95, 0.001, 0.9, 20, 0.494902991844458, 764, 67532, 15
0.01, 0.95, 0.001, 0.9, 20, 0.5234229441674386, 731, 46967, 3
0.01, 0.95, 0.001, 0.9, 20, 0.5009491975572273, 742, 29735, 4
0.01, 0.95, 0.001, 0.9, 20, 0.5123421693792485, 756, 59625, 7
0.01, 0.95, 0.001, 0.9, 20, 0.5034946345727905, 764, 33331, 6
0.01, 0.95, 0.001, 0.9, 20, 0.5146224343794987, 755, 35077, 5
0.01, 0.95, 0.001, 0.9, 20, 0.5263339771975223, 768, 42601, 7
0.01, 0.95, 0.001, 0.9, 20, 0.490088136031365, 786, 48472, 3
0.01, 0.95, 0.001, 0.9, 20, 0.5136144465679865, 809, 26005, 4
0.01, 0.95, 0.001, 0.9, 20, 0.500987327142285, 756, 15746, 4
0.01, 0.95, 0.001, 0.9, 20, 0.5160495652222075, 778, 17464, 11
0.01, 0.95, 0.001, 0.9, 20, 0.48948515960494876, 741, 28317, 7
0.01, 0.95, 0.001, 0.9, 20, 0.49871824149004573, 747, 21362, 8
0.01, 0.95, 0.001, 0.9, 20, 0.4938900743110403, 764, 68844, 10
0.01, 0.95, 0.001, 0.9, 20, 0.4961314018685146, 754, 41235, 11
0.01, 0.95, 0.001, 0.9, 20, 0.5087430960041325, 738, 10458, 1
0.01, 0.95, 0.001, 0.9, 20, 0.5156133797386916, 750, 11423, 4
0.01, 0.95, 0.001, 0.9, 20, 0.5169358173385689, 749, 38459, 9
0.01, 0.95, 0.001, 0.9, 20, 0.5036937631038825, 770, 86841, 10
0.01, 0.95, 0.001, 0.9, 20, 0.5031059870844233, 758, 36426, 7
0.01, 0.95, 0.001, 0.9, 20, 0.5081633896618937, 780, 51843, 6
0.01, 0.95, 0.001, 0.9, 20, 0.5246392636277811, 799, 33262, 5
0.01, 0.95, 0.001, 0.9, 20, 0.5106671086894266, 770, 37622, 6
0.01, 0.95, 0.001, 0.9, 20, 0.49549186329694817, 761, 15014, 8
0.01, 0.95, 0.001, 0.9, 20, 0.5089970064624949, 781, 38881, 3
0.01, 0.95, 0.001, 0.9, 20, 0.5091059117336333, 749, 84390, 5
0.01, 0.95, 0.001, 0.9, 20, 0.524975316333788, 758, 56563, 4
0.01, 0.95, 0.001, 0.9, 20, 0.5113626661453406, 756, 16341, 5
0.01, 0.95, 0.001, 0.9, 20, 0.5138337372115642, 749, 32934, 1
0.01, 0.95, 0.001, 0.9, 20, 0.5026668881466453, 750, 19277, 2
0.01, 0.95, 0.001, 0.9, 20, 0.5012363247185518, 745, 64907, 7
0.01, 0.95, 0.001, 0.9, 20, 0.5226949728358132, 805, 23945, 6
0.01, 0.95, 0.001, 0.9, 20, 0.5297079228439311, 795, 23280, 5
0.01, 0.95, 0.001, 0.9, 20, 0.469451697095539, 769, 46730, 6
0.01, 0.95, 0.001, 0.9, 20, 0.5199572675785528, 783, 34539, 3
0.01, 0.95, 0.001, 0.9, 20, 0.5110212703359996, 746, 91514, 12
0.01, 0.95, 0.001, 0.9, 20, 0.5205603498576011, 752, 14568, 6
0.01, 0.95, 0.001, 0.9, 20, 0.5118013373597545, 755, 46478, 5
0.01, 0.95, 0.001, 0.9, 20, 0.5228854553049886, 810, 37124, 5
0.01, 0.95, 0.001, 0.9, 20, 0.4847208472021459, 771, 33610, 5
0.01, 0.95, 0.001, 0.9, 20, 0.4784777692579865, 755, 26706, 7
0.01, 0.95, 0.001, 0.9, 20, 0.5295481685203013, 777, 38364, 5
0.01, 0.95, 0.001, 0.9, 20, 0.5008491121727078, 741, 65621, 8
0.01, 0.95, 0.001, 0.9, 20, 0.5037270220108737, 765, 29041, 5
0.01, 0.95, 0.001, 0.9, 20, 0.5125673983368684, 746, 60454, 3
0.01, 0.95, 0.001, 0.9, 20, 0.49861189678179174, 752, 16030, 6
0.01, 0.95, 0.001, 0.9, 20, 0.5226124875069564, 777, 74437, 6
0.01, 0.95, 0.001, 0.8, 10, 0.5170265735443976, 804, 124144, 73
0.01, 0.95, 0.001, 0.8, 10, 0.5317477484668192, 797, 144270, 65
0.01, 0.95, 0.001, 0.8, 10, 0.5353600576299097, 761, 152293, 63
0.01, 0.95, 0.001, 0.8, 10, 0.5328742017700555, 766, 110975, 52
0.01, 0.95, 0.001, 0.8, 10, 0.5268483745711492, 731, 161068, 69
0.01, 0.95, 0.001, 0.8, 10, 0.5443986906231534, 783, 78127, 66
0.01, 0.95, 0.001, 0.8, 10, 0.5226449883621472, 762, 143595, 63
0.01, 0.95, 0.001, 0.8, 10, 0.5338295657019441, 764, 111240, 59
0.01, 0.95, 0.001, 0.8, 10, 0.5282367746302148, 731, 233897, 72
0.01, 0.95, 0.001, 0.8, 10, 0.5176458167275453, 731, 170999, 64
0.01, 0.95, 0.001, 0.8, 10, 0.519790871439043, 755, 127476, 69
0.01, 0.95, 0.001, 0.8, 10, 0.5248337168053376, 796, 172729, 78
0.01, 0.95, 0.001, 0.8, 10, 0.532873486230813, 714, 160446, 72
0.01, 0.95, 0.001, 0.8, 10, 0.515307224876686, 743, 180079, 87
0.01, 0.95, 0.001, 0.8, 10, 0.5362599132836112, 794, 195852, 76
0.01, 0.95, 0.001, 0.8, 10, 0.5220188470928178, 772, 220627, 94
0.01, 0.95, 0.001, 0.8, 10, 0.5135691407584486, 757, 88520, 60
0.01, 0.95, 0.001, 0.8, 10, 0.5245529228731338, 729, 169148, 75
0.01, 0.95, 0.001, 0.8, 10, 0.4465390689477413, 737, 170451, 91
0.01, 0.95, 0.001, 0.8, 10, 0.5124632239728847, 720, 101785, 58
0.01, 0.95, 0.001, 0.8, 10, 0.5218154092938478, 749, 165944, 73
0.01, 0.95, 0.001, 0.8, 10, 0.5202056487920765, 774, 136739, 71
0.01, 0.95, 0.001, 0.8, 10, 0.5372608292547584, 793, 81488, 49
0.01, 0.95, 0.001, 0.8, 10, 0.5409701049553531, 790, 116891, 63
0.01, 0.95, 0.001, 0.8, 10, 0.38644454660154226, 848, 114122, 56
0.01, 0.95, 0.001, 0.8, 10, 0.5311099713713376, 809, 96056, 63
0.01, 0.95, 0.001, 0.8, 10, 0.5410180968239343, 820, 111035, 67
0.01, 0.95, 0.001, 0.8, 10, 0.5157238086418999, 799, 202733, 85
0.01, 0.95, 0.001, 0.8, 10, 0.5291858533431185, 738, 147349, 61
0.01, 0.95, 0.001, 0.8, 10, 0.5200451420813135, 706, 75824, 59
0.01, 0.95, 0.001, 0.8, 10, 0.548714469214764, 781, 163351, 74
0.01, 0.95, 0.001, 0.8, 10, 0.5399657006724689, 760, 115500, 61
0.01, 0.95, 0.001, 0.8, 10, 0.5413497895166157, 758, 102561, 55
0.01, 0.95, 0.001, 0.8, 10, 0.5346540907500611, 761, 116451, 66
0.01, 0.95, 0.001, 0.8, 10, 0.5231491273751304, 770, 147465, 69
0.01, 0.95, 0.001, 0.8, 10, 0.5247104960799653, 735, 164615, 75
0.01, 0.95, 0.001, 0.8, 10, 0.5201184343412566, 735, 96569, 66
0.01, 0.95, 0.001, 0.8, 10, 0.5229055865273398, 771, 106639, 58
0.01, 0.95, 0.001, 0.8, 10, 0.525308820973281, 740, 194008, 84
0.01, 0.95, 0.001, 0.8, 10, 0.5271712374610766, 779, 84905, 50
0.01, 0.95, 0.001, 0.8, 10, 0.521770977093304, 712, 149710, 74
0.01, 0.95, 0.001, 0.8, 10, 0.5248585647483323, 747, 169935, 79
0.01, 0.95, 0.001, 0.8, 10, 0.5403761160593804, 796, 129811, 66
0.01, 0.95, 0.001, 0.8, 10, 0.5174571123075764, 778, 106021, 62
0.01, 0.95, 0.001, 0.8, 10, 0.5246164827306625, 779, 122322, 68
0.01, 0.95, 0.001, 0.8, 10, 0.5096670721545545, 745, 149688, 72
0.01, 0.95, 0.001, 0.8, 10, 0.5224098799357575, 753, 191776, 80
0.01, 0.95, 0.001, 0.8, 10, 0.5270125810997685, 752, 127590, 64
0.01, 0.95, 0.001, 0.8, 10, 0.4665911334168446, 697, 131506, 73
0.01, 0.95, 0.001, 0.8, 10, 0.5133452378324438, 733, 104017, 60
0.01, 0.95, 0.001, 0.8, 20, 0.5148049238938628, 758, 199634, 74
0.01, 0.95, 0.001, 0.8, 20, 0.5242872037166412, 723, 108419, 44
0.01, 0.95, 0.001, 0.8, 20, 0.5403058627580982, 760, 118708, 68
0.01, 0.95, 0.001, 0.8, 20, 0.512899722835536, 732, 184665, 60
0.01, 0.95, 0.001, 0.8, 20, 0.5364254132103089, 767, 164506, 77
0.01, 0.95, 0.001, 0.8, 20, 0.5430699772204416, 820, 197148, 58
0.01, 0.95, 0.001, 0.8, 20, 0.5292669151376953, 767, 140833, 56
0.01, 0.95, 0.001, 0.8, 20, 0.539736012317988, 827, 209157, 82
0.01, 0.95, 0.001, 0.8, 20, 0.533535162947276, 762, 123708, 59
0.01, 0.95, 0.001, 0.8, 20, 0.5327202893558984, 753, 152752, 64
0.01, 0.95, 0.001, 0.8, 20, 0.5323222130096757, 739, 190568, 67
0.01, 0.95, 0.001, 0.8, 20, 0.5355077404309201, 812, 109564, 55
0.01, 0.95, 0.001, 0.8, 20, 0.5419839044409683, 794, 200121, 64
0.01, 0.95, 0.001, 0.8, 20, 0.539337992753069, 784, 161190, 63
0.01, 0.95, 0.001, 0.8, 20, 0.5321229392949229, 723, 172132, 54
0.01, 0.95, 0.001, 0.8, 20, 0.5140394844188952, 723, 113095, 52
0.01, 0.95, 0.001, 0.8, 20, 0.5485197449539243, 838, 178495, 68
0.01, 0.95, 0.001, 0.8, 20, 0.5403128157969024, 677, 81439, 44
0.01, 0.95, 0.001, 0.8, 20, 0.518946974358026, 795, 215751, 74
0.01, 0.95, 0.001, 0.8, 20, 0.5310333722263485, 773, 131475, 50
0.01, 0.95, 0.001, 0.8, 20, 0.545928081497321, 796, 138765, 60
0.01, 0.95, 0.001, 0.8, 20, 0.5405772997648666, 732, 142574, 53
0.01, 0.95, 0.001, 0.8, 20, 0.5436938376442956, 790, 87900, 59
0.01, 0.95, 0.001, 0.8, 20, 0.5229373079156351, 736, 117122, 50
0.01, 0.95, 0.001, 0.8, 20, 0.5157625973181212, 750, 163575, 72
0.01, 0.95, 0.001, 0.8, 20, 0.5384326322549096, 713, 184540, 56
0.01, 0.95, 0.001, 0.8, 20, 0.5317691310840145, 739, 126288, 61
0.01, 0.95, 0.001, 0.8, 20, 0.5340430594579769, 805, 167198, 61
0.01, 0.95, 0.001, 0.8, 20, 0.5497420239773398, 801, 136178, 65
0.01, 0.95, 0.001, 0.8, 20, 0.5305976329188539, 804, 151109, 73
0.01, 0.95, 0.001, 0.8, 20, 0.5495312261690298, 828, 130730, 68
0.01, 0.95, 0.001, 0.8, 20, 0.5299295134317444, 806, 101253, 56
0.01, 0.95, 0.001, 0.8, 20, 0.5363536250290726, 801, 128351, 60
0.01, 0.95, 0.001, 0.8, 20, 0.5243509783260306, 769, 153365, 60
0.01, 0.95, 0.001, 0.8, 20, 0.5460023202253724, 741, 46885, 53
0.01, 0.95, 0.001, 0.8, 20, 0.5455135416999258, 742, 73905, 44
0.01, 0.95, 0.001, 0.8, 20, 0.5268986284484983, 761, 112195, 53
0.01, 0.95, 0.001, 0.8, 20, 0.5311400617933391, 719, 94637, 36
0.01, 0.95, 0.001, 0.8, 20, 0.5291569765875225, 763, 134450, 54
0.01, 0.95, 0.001, 0.8, 20, 0.5291815816338632, 782, 108844, 49
0.01, 0.95, 0.001, 0.8, 20, 0.5315928117443985, 749, 121651, 63
0.01, 0.95, 0.001, 0.8, 20, 0.5490764719149686, 738, 111636, 55
0.01, 0.95, 0.001, 0.8, 20, 0.5262219849293179, 793, 141611, 64
0.01, 0.95, 0.001, 0.8, 20, 0.5344004542952799, 771, 135910, 49
0.01, 0.95, 0.001, 0.8, 20, 0.5388613511548553, 763, 89783, 56
0.01, 0.95, 0.001, 0.8, 20, 0.5430650526150348, 732, 210453, 68
0.01, 0.95, 0.001, 0.8, 20, 0.5433095576042376, 760, 145087, 58
0.01, 0.95, 0.001, 0.8, 20, 0.4764736227464964, 731, 137565, 70
0.01, 0.95, 0.001, 0.8, 20, 0.5515378144570915, 749, 88213, 47
0.01, 0.95, 0.001, 0.8, 20, 0.5424288366170121, 719, 127914, 63
